0.0
0.0
0.00023266635644485808
0.0003563791874554526
0.00032637075718015666
0.0003779289493575208
0.0003450655624568668
0.00045167118337850043
0.0004975124378109452
0.00044802867383512545
0.00038284839203675346
0.0003894080996884735
0.00039840637450199205
0.0006045949214026602
0.00046253469010175765
0.00040749796251018743
0.00040032025620496394
0.00038880248833592535
0.000361794500723589
0.0005302226935312832
0.0005382131324004305
0.0004508566275924256
0.0005055611729019212
0.0004789272030651341
0.0003866976024748647
0.0006016847172081829
0.0006775067750677507
0.0005767012687427913
0.00042408821034775233
0.0004553734061930783
0.0006775067750677507
0.0005599104143337066
0.0004935834155972359
0.0007352941176470588
0.0006242197253433209
0.0005662514156285391
0.0005959475566150178
0.0006105006105006105
0.0008561643835616438
0.0006257822277847309
0.0005889281507656066
0.0007002801120448179
0.0006090133982947625
0.0008547008547008547
0.0007132667617689016
0.0006002400960384153
0.0005296610169491525
0.0005359056806002144
0.0004757373929590866
0.0007751937984496124
0.0005995203836930455
0.0006702412868632708
0.0005336179295624333
0.0006983240223463687
0.0004562043795620438
0.0005820721769499418
0.0006435006435006435
0.0006119951040391676
0.0005924170616113745
0.0005767012687427913
0.000576036866359447
0.0005580357142857143
0.0006954102920723226
0.0006024096385542169
0.00046125461254612545
0.0006830601092896175
0.0005668934240362812
0.0005980861244019139
0.0007886435331230284
0.0006377551020408163
0.0004299226139294927
0.0005813953488372093
0.0006188118811881188
0.0006587615283267457
0.0004780114722753346
0.0007142857142857143
0.0006711409395973154
0.00044365572315882877
0.0007122507122507123
0.0005780346820809249
0.0006082725060827251
0.0006180469715698393
0.000725689404934688
0.0006887052341597796
0.000778816199376947
0.00076103500761035
0.0006544502617801048
0.0006802721088435374
0.0005549389567147614
0.0005567928730512249
0.0006180469715698393
0.0006605019815059445
0.0006561679790026247
0.0006793478260869565
0.0005980861244019139
0.0007032348804500703
0.0007246376811594203
0.0005359056806002144
0.000572737686139748
0.0006684491978609625
0.0006393861892583121
0.000651890482398957
0.0005733944954128441
0.0005353319057815846
0.0006561679790026247
0.0006443298969072165
0.0003654970760233918
0.000655307994757536
0.0006321112515802782
0.0007072135785007072
0.0009041591320072332
0.0008756567425569177
0.0008389261744966443
0.0008532423208191126
0.0006195786864931846
0.0005208333333333333
0.0007507507507507507
0.000591016548463357
0.0006983240223463687
0.0007385524372230429
0.0006784260515603799
0.0005417118093174431
0.0005524861878453039
0.000741839762611276
0.00045330915684496827
0.000591016548463357
0.000588235294117647
0.0006127450980392157
0.0005931198102016608
0.00036231884057971015
0.0006060606060606061
0.00032278889606197545
0.0005213764337851929
0.0005787037037037037
0.0006377551020408163
0.000517063081695967
0.00043402777777777775
0.000725689404934688
0.0006666666666666666
0.0006793478260869565
0.0005889281507656066
0.0006657789613848203
0.0005458515283842794
0.000722543352601156
0.0006075334143377885
0.0005707762557077625
0.0005630630630630631
0.0006578947368421052
0.0006060606060606061
0.0005931198102016608
0.0007680491551459293
0.000591016548463357
0.0005903187721369539
0.0008025682182985554
0.0006849315068493151
0.0006887052341597796
0.0007112375533428165
0.0007342143906020558
0.0004752851711026616
0.0006868131868131869
0.0007473841554559044
0.0006353240152477764
0.0006858710562414266
0.0005417118093174431
0.0007668711656441718
0.000715307582260372
0.0005753739930955121
0.0006858710562414266
0.0006134969325153375
0.0007598784194528875
0.0006613756613756613
0.0006711409395973154
0.0008064516129032258
0.0005186721991701245
0.0005446623093681918
0.0007331378299120235
0.0007342143906020558
0.0007763975155279503
0.00055005500550055
0.0006009615384615385
0.0006476683937823834
0.0006925207756232687
0.0007342143906020558
0.0006561679790026247
0.0006435006435006435
0.00078125
0.0005512679162072767
0.0008710801393728223
0.000697350069735007
0.0007342143906020558
0.0005688282138794084
0.0006578947368421052
0.0006693440428380187
0.0006451612903225806
0.00039840637450199205
0.0004512635379061372
0.0006693440428380187
0.0006738544474393531
0.00045829514207149406
0.0006622516556291391
0.000725689404934688
0.0005617977528089888
0.0006385696040868455
0.0004892367906066536
0.0005813953488372093
0.0006195786864931846
0.0006485084306095979
0.0006418485237483953
0.0008347245409015025
0.00048449612403100775
0.0006321112515802782
0.0006402048655569782
0.000646830530401035
0.0005773672055427252
0.0005793742757821553
0.0005537098560354374
0.0007716049382716049
0.000513347022587269
0.0007763975155279503
0.0007598784194528875
0.0007552870090634441
0.0007485029940119761
0.0006648936170212766
0.0006915629322268327
0.0007072135785007072
0.0007320644216691069
0.0007451564828614009
0.0005980861244019139
0.0006925207756232687
0.0005813953488372093
0.0005875440658049354
0.0006675567423230974
0.0005630630630630631
0.000725689404934688
0.0008025682182985554
0.0006038647342995169
0.0006720430107526882
0.0005714285714285715
0.000663129973474801
0.0007072135785007072
0.0007692307692307692
0.0005224660397074191
0.0006693440428380187
0.0007352941176470588
0.0006393861892583121
0.00065359477124183
0.000546448087431694
0.0006112469437652812
0.0004965243296921549
0.0007645259938837921
0.0008291873963515755
0.0007267441860465116
0.0008090614886731392
0.0007022471910112359
0.0008818342151675485
0.0007194244604316547
0.0004816955684007707
0.0006002400960384153
0.0007898894154818325
0.0006119951040391676
0.0006127450980392157
0.0006402048655569782
0.0008025682182985554
0.0008517887563884157
0.0006188118811881188
0.0004945598417408506
0.0007564296520423601
0.0007541478129713424
0.000641025641025641
0.00047393364928909954
0.0006830601092896175
0.0006426735218508997
0.0006273525721455458
0.000722543352601156
0.000462962962962963
0.0004930966469428008
0.0006858710562414266
0.0005813953488372093
0.0005586592178770949
0.0007288629737609329
0.000651890482398957
0.0007183908045977011
0.0006142506142506142
0.0006858710562414266
0.0007575757575757576
0.000655307994757536
0.0006747638326585695
0.0006747638326585695
0.0007704160246533128
0.0005787037037037037
0.0006127450980392157
0.0006793478260869565
0.0006983240223463687
0.0006613756613756613
0.0006045949214026602
0.0008012820512820513
0.0006329113924050633
0.0008210180623973727
0.0007668711656441718
0.0007204610951008645
0.0006172839506172839
0.0007072135785007072
0.0006993006993006993
0.0007621951219512195
0.0007246376811594203
0.0005903187721369539
0.0007342143906020558
0.0006747638326585695
0.0007564296520423601
0.0007541478129713424
0.0006587615283267457
0.0006297229219143577
0.0005165289256198347
0.0007739938080495357
0.0007288629737609329
0.0006657789613848203
0.0007183908045977011
0.0006485084306095979
0.0006925207756232687
0.0006775067750677507
0.0007002801120448179
0.0007656967840735069
0.0007042253521126761
0.0006983240223463687
0.0006596306068601583
0.00045829514207149406
0.0006002400960384153
0.0005399568034557236
0.0005428881650380022
0.0006640106241699867
0.0007142857142857143
0.0006868131868131869
0.0009057971014492754
0.0006485084306095979
0.0005952380952380953
0.0006112469437652812
0.0006510416666666666
0.0006765899864682003
0.000641025641025641
0.0005005005005005005
0.0006983240223463687
0.0005636978579481398
0.0007163323782234957
0.0006226650062266501
0.0006858710562414266
0.0006711409395973154
0.0007836990595611285
0.0008561643835616438
0.0005889281507656066
0.0004921259842519685
0.0005102040816326531
0.000725689404934688
0.0007072135785007072
0.0006561679790026247
0.0007122507122507123
0.000646830530401035
0.0006361323155216285
0.0007763975155279503
0.0007092198581560284
0.0008833922261484099
0.0007530120481927711
0.0008361204013377926
0.0006738544474393531
0.0006925207756232687
0.0008116883116883117
0.000859106529209622
0.0007763975155279503
0.0005980861244019139
0.0006596306068601583
0.000727802037845706
0.0007898894154818325
0.000970873786407767
0.0008038585209003215
0.0008347245409015025
0.0008116883116883117
0.000580046403712297
0.0005370569280343716
0.00049800796812749
0.0007012622720897616
0.0006119951040391676
0.0006127450980392157
0.0005586592178770949
0.0006353240152477764
0.0007473841554559044
0.0005524861878453039
0.000687757909215956
0.0008561643835616438
0.0008291873963515755
0.00048123195380173246
0.0005681818181818182
0.0008291873963515755
0.0007204610951008645
0.0007320644216691069
0.00046728971962616824
0.0006702412868632708
0.0006045949214026602
0.0007451564828614009
0.0006226650062266501
0.000792393026941363
0.0008077544426494346
0.0006868131868131869
0.0009124087591240876
0.0008116883116883117
0.000980392156862745
0.0008503401360544217
0.0006747638326585695
0.0006451612903225806
0.00072992700729927
0.0007668711656441718
0.0008130081300813008
0.0007936507936507937
0.0007496251874062968
0.0007451564828614009
0.000859106529209622
0.0006693440428380187
0.0006802721088435374
0.0007385524372230429
0.000744047619047619
0.0007163323782234957
0.0008064516129032258
0.0007342143906020558
0.0007342143906020558
0.0004405286343612335
0.0008403361344537816
0.0007385524372230429
0.000708215297450425
0.0006134969325153375
0.0006060606060606061
0.0007680491551459293
0.000687757909215956
0.0005780346820809249
0.0005274261603375527
0.0006476683937823834
0.000778816199376947
0.0006622516556291391
0.0007407407407407407
0.0006793478260869565
0.0007407407407407407
0.0006418485237483953
0.000591016548463357
0.0007874015748031496
0.0006265664160401002
0.0007363770250368188
0.000462962962962963
0.0006605019815059445
0.0006045949214026602
0.0006459948320413437
0.0006527415143603133
0.0005592841163310962
0.000625
0.0005847953216374269
0.0006802721088435374
0.0008561643835616438
0.0008183306055646482
0.0005319148936170213
0.0004743833017077799
0.0005387931034482759
0.0004965243296921549
0.0006684491978609625
0.0006622516556291391
0.0006134969325153375
0.0007052186177715092
0.0007062146892655367
0.0008038585209003215
0.0006561679790026247
0.0008741258741258741
0.0008802816901408451
0.00076103500761035
0.0006112469437652812
0.0008333333333333334
0.0007163323782234957
0.0006234413965087282
0.000564334085778781
0.000663129973474801
0.0006765899864682003
0.0007246376811594203
0.0005411255411255411
0.0006305170239596469
0.0003878975950349108
0.00045871559633027525
0.000697350069735007
0.0007204610951008645
0.0007215007215007215
0.0005630630630630631
0.0006993006993006993
0.0006510416666666666
0.0005482456140350877
0.0005896226415094339
0.0008771929824561404
0.0008620689655172414
0.0006127450980392157
0.0007092198581560284
0.0007215007215007215
0.0007911392405063291
0.0006493506493506494
0.00048638132295719845
0.0006934812760055479
0.0006648936170212766
0.0005820721769499418
0.0006711409395973154
0.0007352941176470588
0.0007961783439490446
0.0005694760820045558
0.0007267441860465116
0.0007396449704142012
0.0006830601092896175
0.0008264462809917355
0.0007122507122507123
0.0007541478129713424
0.000591715976331361
0.0005973715651135006
0.000744047619047619
0.0007692307692307692
0.0005285412262156448
0.0008
0.000697350069735007
0.0006485084306095979
0.0008
0.0006720430107526882
0.0005767012687427913
0.0007407407407407407
0.0007267441860465116
0.0007429420505200594
0.0007874015748031496
0.0007288629737609329
0.0006385696040868455
0.000657030223390276
0.0006313131313131314
0.0007598784194528875
0.0007352941176470588
0.0007002801120448179
0.000725689404934688
0.0006485084306095979
0.0006226650062266501
0.0007898894154818325
0.000782472613458529
0.0008417508417508417
0.000697350069735007
0.0007886435331230284
0.0007911392405063291
0.0007564296520423601
0.000778816199376947
0.0009328358208955224
0.0005945303210463733
0.0006906077348066298
0.0007102272727272727
0.0007727975270479134
0.0005611672278338945
0.0006157635467980296
0.0005938242280285036
0.000847457627118644
0.0007342143906020558
0.0009523809523809524
0.0006775067750677507
0.0005319148936170213
0.0005747126436781609
0.0006024096385542169
0.0004970178926441351
0.0005681818181818182
0.0007692307692307692
0.0006675567423230974
0.0009090909090909091
0.0007215007215007215
0.0006925207756232687
0.0005252100840336134
0.00051440329218107
0.0008090614886731392
0.000697350069735007
0.0004730368968779565
0.000508646998982706
0.0006321112515802782
0.000657030223390276
0.0006009615384615385
0.0008650519031141869
0.0008169934640522876
0.000782472613458529
0.0007776049766718507
0.0006493506493506494
0.000574052812858783
0.0007092198581560284
0.0006510416666666666
0.000782472613458529
0.0007163323782234957
0.0007496251874062968
0.0008865248226950354
0.0007012622720897616
0.0006802721088435374
0.0007142857142857143
0.0006112469437652812
0.000687757909215956
0.0007062146892655367
0.0006811989100817438
0.000513347022587269
0.0006605019815059445
0.0006915629322268327
0.000792393026941363
0.000792393026941363
0.000931098696461825
0.0008375209380234506
0.0009074410163339383
0.0008038585209003215
0.0009433962264150943
0.0006142506142506142
0.0006321112515802782
0.0007062146892655367
0.0007429420505200594
0.0008278145695364238
0.0006756756756756757
0.0006142506142506142
0.000655307994757536
0.0007874015748031496
0.000572737686139748
0.0006257822277847309
0.0007564296520423601
0.0009041591320072332
0.0006729475100942127
0.0006793478260869565
0.000819672131147541
0.0005518763796909492
0.0006038647342995169
0.0007598784194528875
0.0007309941520467836
0.000727802037845706
0.0007763975155279503
0.0006657789613848203
0.0006784260515603799
0.0006402048655569782
0.0006963788300835655
0.0006273525721455458
0.00072992700729927
0.0007541478129713424
0.0007342143906020558
0.0006142506142506142
0.000641025641025641
0.000727802037845706
0.0006265664160401002
0.00078003120124805
0.0007680491551459293
0.0004591368227731864
0.0007716049382716049
0.0006925207756232687
0.0005149330587023687
0.0007163323782234957
0.0006983240223463687
0.0006353240152477764
0.000744047619047619
0.0007507507507507507
0.00065359477124183
0.0008532423208191126
0.0007680491551459293
0.000727802037845706
0.0006211180124223603
0.00078125
0.0008532423208191126
0.0008
0.0008347245409015025
0.000794912559618442
0.0007739938080495357
0.0007194244604316547
0.0006802721088435374
0.0007396449704142012
0.0007936507936507937
0.0006090133982947625
0.0006257822277847309
0.0004945598417408506
0.000657030223390276
0.000536480686695279
0.0007633587786259542
0.0007485029940119761
0.0006811989100817438
0.0006793478260869565
0.0006830601092896175
0.0007518796992481203
0.0007541478129713424
0.0006451612903225806
0.00078125
0.0006596306068601583
0.0006954102920723226
0.0006983240223463687
0.0007122507122507123
0.0008264462809917355
0.0007911392405063291
0.0006544502617801048
0.0007911392405063291
0.0008710801393728223
0.0007012622720897616
0.0007102272727272727
0.0006345177664974619
0.0007633587786259542
0.0005793742757821553
0.0008403361344537816
0.0005988023952095808
0.0005446623093681918
0.0007496251874062968
0.0006811989100817438
0.000792393026941363
0.0007342143906020558
0.0006839945280437756
0.0006578947368421052
0.0007052186177715092
0.0006097560975609756
0.000657030223390276
0.0006675567423230974
0.0005506607929515419
0.0008347245409015025
0.0009041591320072332
0.0007776049766718507
0.0008771929824561404
0.0007092198581560284
0.0007429420505200594
0.0006702412868632708
0.0007374631268436578
0.0006720430107526882
0.0006180469715698393
0.00072992700729927
0.000859106529209622
0.0008896797153024911
0.0008695652173913044
0.0009276437847866419
0.0007776049766718507
0.0007363770250368188
0.000722543352601156
0.00076103500761035
0.0007987220447284345
0.0007122507122507123
0.0007552870090634441
0.0007194244604316547
0.0009140767824497258
0.00072992700729927
0.0006544502617801048
0.0007518796992481203
0.0007656967840735069
0.0007052186177715092
0.0005630630630630631
0.0006605019815059445
0.000628140703517588
0.0007122507122507123
0.0008680555555555555
0.000744047619047619
0.0007363770250368188
0.0006648936170212766
0.0007363770250368188
0.0006038647342995169
0.0007645259938837921
0.0007704160246533128
0.0008025682182985554
0.0006830601092896175
0.0009074410163339383
0.0008503401360544217
0.000544069640914037
0.0005720823798627002
0.000782472613458529
0.0007836990595611285
0.0005656108597285068
0.000591715976331361
0.000741839762611276
0.0008
0.0007886435331230284
0.0008064516129032258
0.0005945303210463733
0.0007132667617689016
0.0005330490405117271
0.0005405405405405405
0.0006045949214026602
0.0006756756756756757
0.0007012622720897616
0.0007541478129713424
0.0008680555555555555
0.0008077544426494346
0.0008532423208191126
0.0006127450980392157
0.0007987220447284345
0.0006485084306095979
0.0007374631268436578
0.0009276437847866419
0.0006313131313131314
0.0006983240223463687
0.00065359477124183
0.0006527415143603133
0.0006887052341597796
0.0006925207756232687
0.0007385524372230429
0.0008818342151675485
0.0008665511265164644
0.0007575757575757576
0.0007704160246533128
0.0006402048655569782
0.00076103500761035
0.0006257822277847309
0.0007331378299120235
0.00089126559714795
0.0004336513443191674
0.0006963788300835655
0.0008090614886731392
0.0008756567425569177
0.0008896797153024911
0.0008726003490401396
0.0007645259938837921
0.000651890482398957
0.0006180469715698393
0.0007012622720897616
0.0005005005005005005
0.0007204610951008645
0.0007309941520467836
0.0009174311926605505
0.00078003120124805
0.000663129973474801
0.000484027105517909
0.0007518796992481203
0.0006830601092896175
0.000715307582260372
0.0007645259938837921
0.0007102272727272727
0.0008960573476702509
0.0006830601092896175
0.0008183306055646482
0.000794912559618442
0.0006031363088057901
0.0008264462809917355
0.0008090614886731392
0.0008417508417508417
0.0006060606060606061
0.0008156606851549756
0.0009107468123861566
0.0008417508417508417
0.0008726003490401396
0.0008726003490401396
0.00076103500761035
0.0007002801120448179
0.0007911392405063291
0.0008169934640522876
0.0008375209380234506
0.0008650519031141869
0.0007363770250368188
0.0006605019815059445
0.0009057971014492754
0.0008960573476702509
0.0006045949214026602
0.0009041591320072332
0.0007716049382716049
0.0007485029940119761
0.0006501950585175553
0.0008503401360544217
0.0008250825082508251
0.0005889281507656066
0.0006321112515802782
0.0007886435331230284
0.0007987220447284345
0.0007507507507507507
0.0007587253414264037
0.0009416195856873823
0.0007911392405063291
0.0008012820512820513
0.0007704160246533128
0.0008833922261484099
0.0009727626459143969
0.000847457627118644
0.0007204610951008645
0.000946969696969697
0.0008818342151675485
0.0008517887563884157
0.0007012622720897616
0.0007309941520467836
0.000782472613458529
0.000722543352601156
0.0007352941176470588
0.0006729475100942127
0.0007407407407407407
0.00072992700729927
0.001026694045174538
0.0008025682182985554
0.0006868131868131869
0.0008532423208191126
0.000794912559618442
0.00078003120124805
0.0006188118811881188
0.0008223684210526315
0.0008992805755395684
0.0007552870090634441
0.0006165228113440197
0.0006925207756232687
0.0006738544474393531
0.000946969696969697
0.0007032348804500703
0.0007102272727272727
0.0006587615283267457
0.000708215297450425
0.00042735042735042735
0.0007429420505200594
0.0005494505494505495
0.0007022471910112359
0.0006265664160401002
0.0004035512510088781
0.0005393743257820927
0.0005875440658049354
0.0005543237250554324
0.0006097560975609756
0.0004775549188156638
0.0006993006993006993
0.0007363770250368188
0.0005617977528089888
0.0007776049766718507
0.0007352941176470588
0.0008250825082508251
0.0008012820512820513
0.0007751937984496124
0.0007331378299120235
0.0008333333333333334
0.0006544502617801048
0.0006385696040868455
0.0006402048655569782
0.0007575757575757576
0.0006605019815059445
0.0007022471910112359
0.0007012622720897616
0.0007763975155279503
0.0006720430107526882
0.0007032348804500703
0.0008223684210526315
0.0005336179295624333
0.000547645125958379
0.0005611672278338945
0.0006954102920723226
0.0005959475566150178
0.0005159958720330237
0.0006234413965087282
0.0007974481658692185
0.0007204610951008645
0.0008038585209003215
0.0007692307692307692
0.000564334085778781
0.0008389261744966443
0.0007587253414264037
0.0007849293563579278
0.000847457627118644
0.0009900990099009901
0.0008361204013377926
0.0007541478129713424
0.0008038585209003215
0.0007974481658692185
0.0007530120481927711
0.0008680555555555555
0.0007633587786259542
0.0007072135785007072
0.000646830530401035
0.0006934812760055479
0.0007704160246533128
0.0006915629322268327
0.0009276437847866419
0.0006297229219143577
0.0007473841554559044
0.0008865248226950354
0.000782472613458529
0.0007342143906020558
0.0007633587786259542
0.0007898894154818325
0.0006747638326585695
0.00076103500761035
0.0008
0.0008928571428571428
0.0007727975270479134
0.0007564296520423601
0.0007429420505200594
0.0006527415143603133
0.0005279831045406547
0.000792393026941363
0.0008012820512820513
0.0006031363088057901
0.0005820721769499418
0.0006613756613756613
0.0006485084306095979
0.0007530120481927711
0.0008064516129032258
0.0005257623554153522
0.0006544502617801048
0.0006587615283267457
0.0005787037037037037
0.0008237232289950577
0.0007407407407407407
0.0006915629322268327
0.0007621951219512195
0.0007898894154818325
0.0007886435331230284
0.0007385524372230429
0.0008130081300813008
0.0008
0.0008802816901408451
0.0008488964346349745
0.0007407407407407407
0.0006527415143603133
0.000547645125958379
0.0008025682182985554
0.0008960573476702509
0.0006587615283267457
0.0007451564828614009
0.0006693440428380187
0.0008051529790660225
0.0008156606851549756
0.0007751937984496124
0.000708215297450425
0.0005353319057815846
0.0005668934240362812
0.0007575757575757576
0.0007042253521126761
0.0007836990595611285
0.0008116883116883117
0.0008445945945945946
0.0009009009009009009
0.0008818342151675485
0.0008417508417508417
0.0007656967840735069
0.0005959475566150178
0.0005896226415094339
0.0007102272727272727
0.000715307582260372
0.0006337135614702154
0.0005434782608695652
0.0008576329331046312
0.0007704160246533128
0.0007342143906020558
0.0007598784194528875
0.0007621951219512195
0.000792393026941363
0.0007541478129713424
0.0007032348804500703
0.0006510416666666666
0.0004655493482309125
0.0005592841163310962
0.0007352941176470588
0.0007429420505200594
0.0007911392405063291
0.0008431703204047217
0.0007541478129713424
0.0008156606851549756
0.000782472613458529
0.0008319467554076539
0.0008347245409015025
0.0006172839506172839
0.0007267441860465116
0.0008130081300813008
0.000744047619047619
0.000792393026941363
0.0006934812760055479
0.0008064516129032258
0.0007911392405063291
0.0008576329331046312
0.0007072135785007072
0.0007518796992481203
0.000794912559618442
0.0008077544426494346
0.0008319467554076539
0.0008802816901408451
0.0006613756613756613
0.0007645259938837921
0.0006934812760055479
0.00076103500761035
0.0006353240152477764
0.0008431703204047217
0.0008210180623973727
0.0006963788300835655
0.0007575757575757576
0.0006265664160401002
0.0006887052341597796
0.0008576329331046312
0.0008064516129032258
0.0006226650062266501
0.0008333333333333334
0.001006036217303823
0.0006622516556291391
0.0008802816901408451
0.0008143322475570033
0.0005868544600938967
0.0007861635220125787
0.000723589001447178
0.0008488964346349745
0.0006218905472636816
0.0008319467554076539
0.0008116883116883117
0.0008064516129032258
0.0005592841163310962
0.0007042253521126761
0.000689655172413793
0.000574052812858783
0.0006234413965087282
0.0006622516556291391
0.0005030181086519115
0.0007751937984496124
0.0006738544474393531
0.0006289308176100629
0.000723589001447178
0.0007530120481927711
0.0006858710562414266
0.0005820721769499418
0.0004975124378109452
0.0004985044865403788
0.0006097560975609756
0.0005025125628140704
0.0006329113924050633
0.000723589001447178
0.0007849293563579278
0.000646830530401035
0.0005175983436853002
0.0007874015748031496
0.0006622516556291391
0.0006802721088435374
0.000625
0.0007429420505200594
0.0005681818181818182
0.0003863987635239567
0.000585480093676815
0.0008116883116883117
0.0007776049766718507
0.0007974481658692185
0.0006622516556291391
0.0008237232289950577
0.0007886435331230284
0.0008431703204047217
0.0007552870090634441
0.0008169934640522876
0.0008576329331046312
0.0007331378299120235
0.00065359477124183
0.0008680555555555555
0.000819672131147541
0.000591016548463357
0.0005285412262156448
0.0006353240152477764
0.0006544502617801048
0.0007215007215007215
0.0005780346820809249
0.0005592841163310962
0.0006648936170212766
0.0004897159647404506
0.0005636978579481398
0.0007496251874062968
0.0008620689655172414
0.0008896797153024911
0.0006784260515603799
0.000819672131147541
0.0008264462809917355
0.0007012622720897616
0.0007173601147776184
0.00051440329218107
0.0006561679790026247
0.0007530120481927711
0.0007022471910112359
0.0007692307692307692
0.0007092198581560284
0.0006226650062266501
0.0007385524372230429
0.0007587253414264037
0.0007621951219512195
0.000663129973474801
0.0007911392405063291
0.0006720430107526882
0.0007564296520423601
0.0008025682182985554
0.0007407407407407407
0.000727802037845706
0.0008025682182985554
0.0006640106241699867
0.0007633587786259542
0.0006684491978609625
0.0006527415143603133
0.0006775067750677507
0.0007645259938837921
0.0005889281507656066
0.0007309941520467836
0.0006811989100817438
0.0008403361344537816
0.00051440329218107
0.000847457627118644
0.0006675567423230974
0.000591715976331361
0.0007518796992481203
0.0006648936170212766
0.0007002801120448179
0.0007836990595611285
0.0007751937984496124
0.0006067961165048543
0.000591715976331361
0.0008183306055646482
0.0008103727714748784
0.0005675368898978433
0.0006257822277847309
0.0004897159647404506
0.000641025641025641
0.0007936507936507937
0.0005324813631522897
0.0006234413965087282
0.0005787037037037037
0.0006934812760055479
0.0008488964346349745
0.0008445945945945946
0.0006038647342995169
0.0007173601147776184
0.0008264462809917355
0.0007704160246533128
0.0005307855626326964
0.0005793742757821553
0.0007633587786259542
0.0007552870090634441
0.0009633911368015414
0.0006906077348066298
0.0007385524372230429
0.0007898894154818325
0.0006060606060606061
0.0006257822277847309
0.0006839945280437756
0.0006105006105006105
0.0007911392405063291
0.00078003120124805
0.0006345177664974619
0.0007727975270479134
0.0007132667617689016
0.0008064516129032258
0.0006868131868131869
0.0009041591320072332
0.000727802037845706
0.0005393743257820927
0.0006605019815059445
0.0007407407407407407
0.000625
0.0007142857142857143
0.000847457627118644
0.0007598784194528875
0.0007776049766718507
0.0005186721991701245
0.0006887052341597796
0.0006289308176100629
0.0008928571428571428
0.0007680491551459293
0.0007246376811594203
0.0008741258741258741
0.0008169934640522876
0.0007374631268436578
0.0006242197253433209
0.0009940357852882703
0.0006289308176100629
0.0006605019815059445
0.0005931198102016608
0.0006024096385542169
0.0007363770250368188
0.0008695652173913044
0.0007042253521126761
0.0008445945945945946
0.0006476683937823834
0.0009487666034155598
0.0007363770250368188
0.0008183306055646482
0.000819672131147541
0.0006321112515802782
0.0006925207756232687
0.0007587253414264037
0.0009727626459143969
0.0008375209380234506
0.0009124087591240876
0.0008802816901408451
0.000646830530401035
0.000741839762611276
0.0006811989100817438
0.0008156606851549756
0.0008389261744966443
0.0006257822277847309
0.0007462686567164179
0.0007987220447284345
0.0008210180623973727
0.000576036866359447
0.0007092198581560284
0.0007849293563579278
0.0007352941176470588
0.0007680491551459293
0.0007246376811594203
0.0007112375533428165
0.0006858710562414266
0.0006675567423230974
0.0005060728744939271
0.0006211180124223603
0.0008375209380234506
0.0008319467554076539
0.0006127450980392157
0.00038138825324180017
0.000580046403712297
0.0007776049766718507
0.0005382131324004305
0.000782472613458529
0.0008051529790660225
0.0008650519031141869
0.000819672131147541
0.0006053268765133172
0.0006119951040391676
0.0007451564828614009
0.0006868131868131869
0.0008183306055646482
0.0007541478129713424
0.0008025682182985554
0.0008130081300813008
0.0005347593582887701
0.0006784260515603799
0.000727802037845706
0.0007183908045977011
0.0007645259938837921
0.0006172839506172839
0.0005417118093174431
0.0006188118811881188
0.0006954102920723226
0.0006587615283267457
0.0006675567423230974
0.0005861664712778429
0.0006675567423230974
0.0005630630630630631
0.0006666666666666666
0.0007309941520467836
0.0006426735218508997
0.0006180469715698393
0.0005701254275940707
0.0005980861244019139
0.0006165228113440197
0.000663129973474801
0.0006657789613848203
0.000625
0.0006157635467980296
0.0006226650062266501
0.0006134969325153375
0.0007062146892655367
0.0006925207756232687
0.0007142857142857143
0.0005649717514124294
0.0005599104143337066
0.0007727975270479134
0.0006784260515603799
0.0009041591320072332
0.000741839762611276
0.0006811989100817438
0.0008223684210526315
0.0007204610951008645
0.0005592841163310962
0.0005820721769499418
0.0005138746145940391
0.0006321112515802782
0.0006257822277847309
0.00049800796812749
0.000574052812858783
0.0005336179295624333
0.0006119951040391676
0.0006211180124223603
0.0005197505197505198
0.0005952380952380953
0.0005780346820809249
0.0006640106241699867
0.0006393861892583121
0.0007002801120448179
0.0006097560975609756
0.0007541478129713424
0.0005307855626326964
0.0006112469437652812
0.0006142506142506142
0.0005861664712778429
0.0005422993492407809
0.0006060606060606061
0.0006180469715698393
0.0006242197253433209
0.0006756756756756757
0.0006510416666666666
0.000697350069735007
0.0005268703898840885
0.00046948356807511736
0.0005091649694501018
0.0005624296962879641
0.0005279831045406547
0.0005112474437627812
0.000484027105517909
0.0005422993492407809
0.0004873294346978557
0.0007936507936507937
0.0005434782608695652
0.0005202913631633715
0.0005387931034482759
0.000641025641025641
0.00042408821034775233
0.000564334085778781
0.0006361323155216285
0.0006729475100942127
0.0006666666666666666
0.0007564296520423601
0.0007429420505200594
0.0008012820512820513
0.000641025641025641
0.0005543237250554324
0.0007473841554559044
0.000657030223390276
0.00047393364928909954
0.00047393364928909954
0.00047393364928909954
0.0005773672055427252
0.0005980861244019139
0.0005889281507656066
0.0004428697962798937
0.0004621072088724584
0.0004901960784313725
0.000441306266548985
0.0005213764337851929
0.000499001996007984
0.00046948356807511736
0.0005387931034482759
0.000536480686695279
0.00043554006968641115
0.0006257822277847309
0.0005117707267144319
0.00045004500450045
0.0003996802557953637
0.0005446623093681918
0.0005382131324004305
0.0006925207756232687
0.0007132667617689016
0.0005070993914807302
0.0005549389567147614
0.0004950495049504951
0.0005096839959225281
0.0005197505197505198
0.0005246589716684155
0.0005224660397074191
0.0005586592178770949
0.0005224660397074191
0.00046948356807511736
0.0007267441860465116
0.00048590864917395527
0.0005701254275940707
0.000508646998982706
0.0007727975270479134
0.0006613756613756613
0.0006226650062266501
0.0006105006105006105
0.0006045949214026602
0.0010141987829614604
0.0006587615283267457
0.000782472613458529
0.0007485029940119761
0.000580046403712297
0.000628140703517588
0.0005988023952095808
0.0005252100840336134
0.0004405286343612335
0.0006060606060606061
0.0005903187721369539
0.0006119951040391676
0.0006242197253433209
0.0006821282401091405
0.0004955401387512388
0.0006561679790026247
0.0005399568034557236
0.0007267441860465116
0.0006112469437652812
0.0006257822277847309
0.00047080979284369113
0.0005649717514124294
0.0005889281507656066
0.0005787037037037037
0.0005025125628140704
0.0009578544061302681
0.0010121457489878543
0.0006711409395973154
0.000727802037845706
0.0004233700254022015
0.0006195786864931846
0.0006561679790026247
0.0006165228113440197
0.0006031363088057901
0.0004970178926441351
0.0005959475566150178
0.0006765899864682003
0.0005045408678102926
0.0009174311926605505
0.0008403361344537816
0.000687757909215956
0.0005611672278338945
0.0005159958720330237
0.0005841121495327102
0.0003912363067292645
0.000547645125958379
0.0005617977528089888
0.0006165228113440197
0.0005175983436853002
0.0005624296962879641
0.0008880994671403197
0.0007363770250368188
0.0006257822277847309
0.0008130081300813008
0.0006075334143377885
0.0005181347150259067
0.0005861664712778429
0.0008291873963515755
0.0006675567423230974
0.0004743833017077799
0.00047938638542665386
0.0006313131313131314
0.0007320644216691069
0.0004520795660036166
0.0007961783439490446
0.0007194244604316547
0.00072992700729927
0.0005688282138794084
0.0004970178926441351
0.000687757909215956
0.0006211180124223603
0.0005780346820809249
0.0008116883116883117
0.0006993006993006993
0.0008976660682226212
0.00051440329218107
0.0006337135614702154
0.0007396449704142012
0.00040257648953301127
0.0005861664712778429
0.0006451612903225806
0.0004950495049504951
0.0007518796992481203
0.0006544502617801048
0.0006090133982947625
0.0004985044865403788
0.0005938242280285036
0.0006188118811881188
0.0006337135614702154
0.000641025641025641
0.000980392156862745
0.0007407407407407407
0.0008038585209003215
0.0007194244604316547
0.0006993006993006993
0.0007751937984496124
0.0008038585209003215
0.0007645259938837921
0.0005952380952380953
0.000663129973474801
0.0006775067750677507
0.0005252100840336134
0.000574052812858783
0.000663129973474801
0.0008771929824561404
0.0008319467554076539
0.0004892367906066536
0.0005138746145940391
0.0006443298969072165
0.0007751937984496124
0.0006451612903225806
0.0006811989100817438
0.0007485029940119761
0.0007668711656441718
0.0004911591355599214
0.0008183306055646482
0.0006702412868632708
0.0005733944954128441
0.0006605019815059445
0.0006476683937823834
0.0005081300813008131
0.0005896226415094339
0.00049800796812749
0.0005268703898840885
0.0005405405405405405
0.000725689404934688
0.000502008032128514
0.0006868131868131869
0.0006887052341597796
0.0005847953216374269
0.000585480093676815
0.000508646998982706
0.0006337135614702154
0.0006501950585175553
0.0006097560975609756
0.0007352941176470588
0.000646830530401035
0.0007352941176470588
0.0007541478129713424
0.0006720430107526882
0.00046040515653775324
0.0006702412868632708
0.0006657789613848203
0.0006858710562414266
0.0006150061500615006
0.0005567928730512249
0.0007002801120448179
0.000931098696461825
0.000657030223390276
0.0005091649694501018
0.000663129973474801
0.0007062146892655367
0.000727802037845706
0.0005257623554153522
0.0006622516556291391
0.0005780346820809249
0.0004757373929590866
0.0007396449704142012
0.0006016847172081829
0.0006459948320413437
0.000502008032128514
0.0007564296520423601
0.000585480093676815
0.0006775067750677507
0.0005246589716684155
0.0005707762557077625
0.0006188118811881188
0.0006134969325153375
0.0005580357142857143
0.0006075334143377885
0.000744047619047619
0.000715307582260372
0.0009487666034155598
0.0006476683937823834
0.0006666666666666666
0.0005688282138794084
0.0008403361344537816
0.0008183306055646482
0.0007936507936507937
0.0004108463434675431
0.0006711409395973154
0.0005149330587023687
0.0005263157894736842
0.0004464285714285714
0.000580046403712297
0.0004803073967339097
0.0005567928730512249
0.0006038647342995169
0.00042087542087542086
0.0007496251874062968
0.0005668934240362812
0.0005537098560354374
0.0005841121495327102
0.0008503401360544217
0.0005181347150259067
0.0005488474204171241
0.0005060728744939271
0.0005889281507656066
0.0007173601147776184
0.0006218905472636816
0.0006038647342995169
0.0006493506493506494
0.0007132667617689016
0.000689655172413793
0.0006195786864931846
0.0006451612903225806
0.00040816326530612246
0.0005040322580645161
0.0005827505827505828
0.0005973715651135006
0.0006811989100817438
0.0006180469715698393
0.0004775549188156638
0.0006242197253433209
0.0006510416666666666
0.0005574136008918618
0.00035739814152966406
0.0006016847172081829
0.0003885003885003885
0.0006090133982947625
0.0007183908045977011
0.0006443298969072165
0.0006119951040391676
0.0005841121495327102
0.0005446623093681918
0.0005122950819672131
0.00048496605237633366
0.0005767012687427913
0.0005747126436781609
0.00048262548262548264
0.0006134969325153375
0.0005434782608695652
0.0005428881650380022
0.0005015045135406219
0.000576036866359447
0.0004748338081671415
0.0005714285714285715
0.0005224660397074191
0.000580046403712297
0.0005694760820045558
0.0007052186177715092
0.0006711409395973154
0.0005065856129685917
0.0008156606851549756
0.0007886435331230284
0.0006493506493506494
0.00046253469010175765
0.0005230125523012552
0.0005694760820045558
0.00065359477124183
0.0006226650062266501
0.0005959475566150178
0.0005827505827505828
0.0006849315068493151
0.0006934812760055479
0.0005030181086519115
0.0006297229219143577
0.0005767012687427913
0.000625
0.0006830601092896175
0.000687757909215956
0.0005112474437627812
0.0004621072088724584
0.0005319148936170213
0.0005861664712778429
0.0006195786864931846
0.0006257822277847309
0.000580046403712297
0.00048449612403100775
0.000580046403712297
0.0005417118093174431
0.00046816479400749064
0.0006242197253433209
0.000544069640914037
0.0006067961165048543
0.0006031363088057901
0.0005889281507656066
0.0006765899864682003
0.000588235294117647
0.0004854368932038835
0.0006622516556291391
0.0006954102920723226
0.0005230125523012552
0.0006188118811881188
0.0006203473945409429
0.000651890482398957
0.0007473841554559044
0.0004945598417408506
0.0005138746145940391
0.0005780346820809249
0.0007407407407407407
0.000715307582260372
0.0004807692307692308
0.0005025125628140704
0.000484027105517909
0.0005353319057815846
0.000508646998982706
0.0004830917874396135
0.0005370569280343716
0.00041597337770382697
0.0005767012687427913
0.0004520795660036166
0.0005102040816326531
0.0006793478260869565
0.00045578851412944393
0.0004574565416285453
0.0005733944954128441
0.0005574136008918618
0.0004743833017077799
0.00048496605237633366
0.0005470459518599562
0.0004484304932735426
0.00033783783783783786
0.0005149330587023687
0.000655307994757536
0.0004887585532746823
0.0005076142131979696
0.0006578947368421052
0.0005624296962879641
0.0005807200929152149
0.0004385964912280702
0.0006127450980392157
0.00048828125
0.0005624296962879641
0.0005458515283842794
0.0005159958720330237
0.0004970178926441351
0.0005592841163310962
0.0004807692307692308
0.0004887585532746823
0.0004906771344455348
0.0004405286343612335
0.0003894080996884735
0.0006038647342995169
0.0005376344086021505
0.0006097560975609756
0.000591715976331361
0.0005393743257820927
0.0005387931034482759
0.0005060728744939271
0.0005219206680584551
0.0005165289256198347
0.0005959475566150178
0.00048590864917395527
0.000328515111695138
0.0
0.0004916420845624386
0.0005543237250554324
0.0004420866489832007
0.0
0.0005868544600938967
0.00042158516020236085
0.000380517503805175
0.00038402457757296467
0.0004887585532746823
0.00041562759767248546
0.0004484304932735426
0.0004752851711026616
0.000423728813559322
0.0
0.00034083162917518747
0.0
0.0004621072088724584
0.0005096839959225281
0.0
0.00021949078138718174
0.00045454545454545455
0.0005138746145940391
0.0003711952487008166
0.0003156565656565657
0.000462962962962963
0.0004496402877697842
0.0004314063848144953
0.0004878048780487805
0.0
0.0
0.0
0.0
0.0
0.0002376425855513308
0.00046425255338904364
0.00040584415584415587
0.0005624296962879641
0.00021551724137931034
0.000536480686695279
0.0004512635379061372
0.0
0.000501002004008016
0.0004065040650406504
0.0004065040650406504
0.00045248868778280545
0.00039872408293460925
0.0
0.0
0.0004068348250610252
0.0004248088360237893
0.0
0.0
0.0
0.0006045949214026602
0.0
0.0
0.0
0.0
0.000574052812858783
0.00046425255338904364
0.0
0.00046598322460391424
0.0004897159647404506
0.0002875215641173088
0.0
0.0
0.0
0.0002733734281027884
0.0003734129947722181
0.0
0.00041118421052631577
0.0
0.0004854368932038835
0.0004945598417408506
0.0
0.0
0.0
0.0
0.0005720823798627002
0.0004633920296570899
0.0003961965134706815
0.0004177109440267335
0.00027533039647577095
0.00026164311878597594
0.00035486160397445
0.0007132667617689016
0.0003977724741447892
0.00048496605237633366
0.0
0.0
0.00036603221083455345
0.00047080979284369113
0.0006329113924050633
0.0004306632213608958
0.0
0.0004730368968779565
0.0003291639236339697
0.00039556962025316455
0.0
0.0004780114722753346
0.00048590864917395527
0.0005662514156285391
0.000657030223390276
0.00055005500550055
0.000484027105517909
0.0003946329913180742
0.0005112474437627812
0.0
0.0
0.00038284839203675346
0.0
0.00042589437819420784
0.000445632798573975
0.00043591979075850045
0.0004
0.0004830917874396135
0.0003843197540353574
0.0005793742757821553
0.0003878975950349108
0.0006510416666666666
0.00025826446280991736
0.00016518004625041294
0.00047036688617121356
0.000588235294117647
0.0005045408678102926
0.0003427004797806717
0.0004389815627743635
0.00048449612403100775
0.000499001996007984
0.00035435861091424523
0.0005347593582887701
0.0004374453193350831
0.00025303643724696357
0.00045662100456621003
0.0005518763796909492
0.0
0.0005081300813008131
0.0005488474204171241
0.0003946329913180742
0.00042918454935622315
0.0004187604690117253
0.0004830917874396135
0.00046125461254612545
0.0005605381165919282
0.0005268703898840885
0.0005592841163310962
0.0005224660397074191
0.0005268703898840885
0.0005285412262156448
0.0005605381165919282
0.0007246376811594203
0.000574052812858783
0.0004570383912248629
0.0004798464491362764
0.0005149330587023687
0.0004608294930875576
0.0005165289256198347
0.0004233700254022015
0.0003965107057890563
0.0004916420845624386
0.0005617977528089888
0.000591016548463357
0.00045167118337850043
0.0005649717514124294
0.00033444816053511704
0.0005793742757821553
0.0005102040816326531
0.0006165228113440197
0.0005154639175257732
0.00048216007714561236
0.0006369426751592356
0.0004784688995215311
0.0
0.0005313496280552603
0.0005045408678102926
0.0004868549172346641
0.00045955882352941176
0.00045998160073597056
0.00044444444444444447
0.00048262548262548264
0.00041288191577208916
0.0005149330587023687
0.0005518763796909492
0.00046511627906976747
0.0005128205128205128
0.000513347022587269
0.00045871559633027525
0.000576036866359447
0.0005035246727089627
0.0004332755632582322
0.0005055611729019212
0.0005268703898840885
0.0004761904761904762
0.0004351610095735422
0.00040617384240454913
0.0004608294930875576
0.0005336179295624333
0.0004798464491362764
0.0005154639175257732
0.0005263157894736842
0.0005035246727089627
0.0004955401387512388
0.00045045045045045046
0.0004051863857374392
0.0005417118093174431
0.0004878048780487805
0.0004051863857374392
0.0004926108374384236
0.0005336179295624333
0.0005117707267144319
0.0005
0.0004314063848144953
0.0005241090146750524
0.0005530973451327434
0.00035161744022503517
0.0004633920296570899
0.0004897159647404506
0.0005313496280552603
0.0005733944954128441
0.0005117707267144319
0.0004935834155972359
0.000641025641025641
0.0004955401387512388
0.0004314063848144953
0.0005382131324004305
0.0005230125523012552
0.0004878048780487805
0.0006459948320413437
0.0004496402877697842
0.00046253469010175765
0.00039840637450199205
0.0005411255411255411
0.00046904315196998124
0.0005567928730512249
0.0005081300813008131
0.00046948356807511736
0.0005668934240362812
0.00045998160073597056
0.00042517006802721087
0.0005347593582887701
0.00046904315196998124
0.0004965243296921549
0.0004892367906066536
0.00048828125
0.000628140703517588
0.0005649717514124294
0.00048216007714561236
0.0005624296962879641
0.0005966587112171838
0.0005291005291005291
0.0005382131324004305
0.0005030181086519115
0.00046816479400749064
0.0005387931034482759
0.0005668934240362812
0.0005165289256198347
0.0005767012687427913
0.000544069640914037
0.000708215297450425
0.00047393364928909954
0.00048449612403100775
0.0005370569280343716
0.0005787037037037037
0.0005112474437627812
0.0007342143906020558
0.0005530973451327434
0.0005399568034557236
0.0006097560975609756
0.0005995203836930455
0.0005302226935312832
0.00045871559633027525
0.0005592841163310962
0.0006097560975609756
0.0005787037037037037
0.00044483985765124553
0.0005656108597285068
0.0004374453193350831
0.0005154639175257732
0.0005319148936170213
0.0007246376811594203
0.0005213764337851929
0.0003885003885003885
0.0005701254275940707
0.0005592841163310962
0.0005257623554153522
0.00048262548262548264
0.000546448087431694
0.0003443526170798898
0.0003787878787878788
0.0005341880341880342
0.0007062146892655367
0.0005252100840336134
0.0005112474437627812
0.0005
0.0005235602094240838
0.000505050505050505
0.0004945598417408506
0.00045167118337850043
0.0005149330587023687
0.0005181347150259067
0.0005219206680584551
0.0005291005291005291
0.00048262548262548264
0.0005605381165919282
0.0005931198102016608
0.0006067961165048543
0.00047214353163361664
0.0005834305717619603
0.0005896226415094339
0.0004363001745200698
0.0005694760820045558
0.0005030181086519115
0.0005336179295624333
0.000505050505050505
0.0005537098560354374
0.0006090133982947625
0.0005624296962879641
0.0005592841163310962
0.0005518763796909492
0.0005827505827505828
0.0005285412262156448
0.0004789272030651341
0.00045454545454545455
0.00042735042735042735
0.0004389815627743635
0.0006273525721455458
0.000505050505050505
0.000517063081695967
0.0005030181086519115
0.000517063081695967
0.0005257623554153522
0.0004906771344455348
0.0005417118093174431
0.0005875440658049354
0.000580046403712297
0.00045495905368516835
0.0004868549172346641
0.0004897159647404506
0.0005624296962879641
0.0005393743257820927
0.000505050505050505
0.000508646998982706
0.0004512635379061372
0.00040225261464199515
0.0003878975950349108
0.0006527415143603133
0.000505050505050505
0.0005324813631522897
0.0005506607929515419
0.0005025125628140704
0.00042408821034775233
0.0005675368898978433
0.00041288191577208916
0.00028951939779965256
0.00048496605237633366
0.0005753739930955121
0.0006337135614702154
0.0004935834155972359
0.0005302226935312832
0.0006053268765133172
0.0005035246727089627
0.0005224660397074191
0.0005586592178770949
0.00038550501156515033
0.00047214353163361664
0.000576036866359447
0.0005347593582887701
0.0005302226935312832
0.0005096839959225281
0.00045004500450045
0.0005005005005005005
0.0004897159647404506
0.0003952569169960474
0.00047938638542665386
0.0005149330587023687
0.0005605381165919282
0.0005235602094240838
0.0005313496280552603
0.000536480686695279
0.0005896226415094339
0.0006157635467980296
0.0004730368968779565
0.000655307994757536
0.0003720238095238095
0.0005605381165919282
0.0004854368932038835
0.000362844702467344
0.0003255208333333333
0.0006702412868632708
0.0005387931034482759
0.0006305170239596469
0.00038550501156515033
0.00055005500550055
0.0006195786864931846
0.0004734848484848485
0.0004591368227731864
0.0005285412262156448
0.0005065856129685917
0.0004901960784313725
0.0004633920296570899
0.0005370569280343716
0.0003453038674033149
0.0005494505494505495
0.000585480093676815
0.000502008032128514
0.0005688282138794084
0.0005091649694501018
0.0005701254275940707
0.000544069640914037
0.0005446623093681918
0.0005611672278338945
0.0004757373929590866
0.0005246589716684155
0.0006067961165048543
0.0005973715651135006
0.0005197505197505198
0.0004775549188156638
0.000625
0.0006747638326585695
0.00046425255338904364
0.0005005005005005005
0.00046598322460391424
0.00036845983787767134
0.0004935834155972359
0.0005681818181818182
0.000655307994757536
0.0005411255411255411
0.0006097560975609756
0.0005186721991701245
0.0006024096385542169
0.0006053268765133172
0.0004985044865403788
0.0005807200929152149
0.000513347022587269
0.00044603033006244426
0.00046125461254612545
0.000432152117545376
0.00043975373790677223
0.00040290088638195
0.0004887585532746823
0.0004911591355599214
0.0004911591355599214
0.0004562043795620438
0.00041152263374485596
0.0005252100840336134
0.0005714285714285715
0.00044365572315882877
0.00045167118337850043
0.0004347826086956522
0.00040225261464199515
0.00040096230954290296
0.000364963503649635
0.0003940110323089047
0.0005015045135406219
0.00045662100456621003
0.0005617977528089888
0.0003943217665615142
0.0005
0.0004752851711026616
0.0004798464491362764
0.00041841004184100416
0.0004266211604095563
0.00041981528127623844
0.0004012841091492777
0.0005122950819672131
0.0004222972972972973
0.00048216007714561236
0.0005154639175257732
0.0004520795660036166
0.00045372050816696913
0.00041597337770382697
0.0004752851711026616
0.0004314063848144953
0.0004730368968779565
0.000484027105517909
0.0005025125628140704
0.0004664179104477612
0.00045045045045045046
0.00041946308724832214
0.0004420866489832007
0.00042444821731748726
0.0004730368968779565
0.00036927621861152144
0.0004201680672268908
0.0004045307443365696
0.000591016548463357
0.00040160642570281126
0.0002900232018561485
0.0004091653027823241
0.0003620564808110065
0.0005656108597285068
0.00047036688617121356
0.0005117707267144319
0.000499001996007984
0.0004664179104477612
0.00035612535612535614
0.000328515111695138
0.0003773584905660377
0.00046685340802987864
0.0004873294346978557
0.0005081300813008131
0.0003673769287288758
0.0004868549172346641
0.00041981528127623844
0.000501002004008016
0.0005580357142857143
0.00047709923664122136
0.00041017227235438887
0.0005336179295624333
0.00038284839203675346
0.00046728971962616824
0.0005586592178770949
0.0005055611729019212
0.00048828125
0.00047938638542665386
0.0003762227238525207
0.0004878048780487805
0.0004743833017077799
0.0004752851711026616
0.00047080979284369113
0.0004363001745200698
0.0005636978579481398
0.00046425255338904364
0.00043975373790677223
0.00041841004184100416
0.0004385964912280702
0.00036153289949385393
0.0004374453193350831
0.0005428881650380022
0.0004528985507246377
0.00045413260672116256
0.0005224660397074191
0.0006234413965087282
0.0004730368968779565
0.00046425255338904364
0.00047664442326024784
0.00044802867383512545
0.00038491147036181676
0.00042735042735042735
0.00046382189239332097
0.0005117707267144319
0.0003961965134706815
0.0003734129947722181
0.00034317089910775565
0.0005
0.0005138746145940391
0.0004798464491362764
0.00047709923664122136
0.0003971405877680699
0.00046816479400749064
0.0003996802557953637
0.00044603033006244426
0.00042158516020236085
0.00040617384240454913
0.0004149377593360996
0.0004389815627743635
0.0004180602006688963
0.00040617384240454913
0.00046382189239332097
0.0005417118093174431
0.00043591979075850045
0.00035112359550561797
0.00045413260672116256
0.0
0.0
0.00036310820624546115
0.00029291154071470416
0.0003351206434316354
0.00031210986267166043
0.00037678975131876413
0.0003861003861003861
0.0003711952487008166
0.00031665611146295124
0.00037425149700598805
0.0004363001745200698
0.0004098360655737705
0.0
0.0003756574004507889
0.0004351610095735422
0.0003506311360448808
0.0004803073967339097
0.0
0.00048638132295719845
0.0
0.00042265426880811494
0.0
0.0003869969040247678
0.0
0.0
0.0004048582995951417
0.00019142419601837673
0.0004409171075837742
0.0
0.0
0.00041597337770382697
0.0003977724741447892
0.00037257824143070045
0.0005040322580645161
0.000395882818685669
0.0003636363636363636
0.0
0.0004045307443365696
0.00042265426880811494
0.00042735042735042735
0.0004068348250610252
0.0003711952487008166
0.0004385964912280702
0.0003270111183780249
0.00041597337770382697
0.00042265426880811494
0.0004420866489832007
0.0004496402877697842
0.00033534540576794097
0.0003489183531053733
0.000213857998289136
0.00026867275658248256
0.00046468401486988845
0.00042087542087542086
0.0004393673110720562
0.0
0.0003872966692486445
0.0003878975950349108
0.0004798464491362764
0.00037313432835820896
0.0004065040650406504
0.00041220115416323167
0.00044444444444444447
0.0
0.0
0.00035561877667140827
0.00037821482602118004
0.0004098360655737705
0.0004045307443365696
0.0004288164665523156
0.00034340659340659343
0.000429553264604811
0.00034722222222222224
0.0003891050583657588
0.00044444444444444447
0.0004488330341113106
0.0004351610095735422
0.0004317789291882556
0.0
0.0003443526170798898
0.00039840637450199205
0.0003816793893129771
0.00031133250311332503
0.0
0.0004317789291882556
0.0004152823920265781
0.0004440497335701599
0.00041356492969396195
0.00034746351633078526
0.0003852080123266564
0.0004310344827586207
0.0004170141784820684
0.0
0.00036683785766691124
0.0003604902667627974
0.0003937007874015748
0.0004424778761061947
0.000425531914893617
0.00041425020712510354
0.0
0.0
0.0003620564808110065
0.00042517006802721087
0.00037064492216456633
0.0004336513443191674
0.00033783783783783786
0.0
0.0004149377593360996
0.000363901018922853
0.0
0.0004091653027823241
0.0004520795660036166
0.00040160642570281126
0.0003846153846153846
0.000427715996578272
0.000441306266548985
0.000508646998982706
0.0004
0.0003790750568612585
0.00041631973355537054
0.0003714710252600297
0.00043782837127845885
0.0
0.0004578754578754579
0.0004084967320261438
0.0002770083102493075
0.00030883261272390367
0.0
0.00036153289949385393
0.00023452157598499062
0.0004248088360237893
0.0003455425017277125
0.0004166666666666667
0.0004409171075837742
0.00037537537537537537
0.0
0.00033692722371967657
0.0004562043795620438
0.0004562043795620438
0.00045495905368516835
0.0004424778761061947
0.00046860356138706655
0.0003875968992248062
0.00023934897079942556
0.00034602076124567473
0.0004496402877697842
0.0003748125937031484
0.00035714285714285714
0.0003599712023038157
0.0003748125937031484
0.0003360215053763441
0.0004068348250610252
0.00039872408293460925
0.0
0.00037064492216456633
0.0003770739064856712
0.0005452562704471102
0.00035971223021582735
0.000423728813559322
0.0003748125937031484
0.0004166666666666667
0.000365764447695684
0.00039184952978056425
0.00041050903119868636
0.0004374453193350831
0.00041425020712510354
0.0004170141784820684
0.0004269854824935952
0.00041050903119868636
0.0005055611729019212
0.0004578754578754579
0.0004166666666666667
0.0003852080123266564
0.0002560163850486431
0.0003996802557953637
0.00036845983787767134
0.00045662100456621003
0.0004149377593360996
0.0005313496280552603
0.00043821209465381246
0.0005512679162072767
0.0004570383912248629
0.0004091653027823241
0.0003831417624521073
0.00041288191577208916
0.00047393364928909954
0.00042589437819420784
0.00046904315196998124
0.00043706293706293706
0.00045495905368516835
0.0004170141784820684
0.000471253534401508
0.0004985044865403788
0.0004177109440267335
0.00045248868778280545
0.0004508566275924256
0.0004317789291882556
0.00038550501156515033
0.0004
0.0005393743257820927
0.0004945598417408506
0.00040617384240454913
0.0004752851711026616
0.00046816479400749064
0.00040551500405515005
0.0004170141784820684
0.0003977724741447892
0.0004496402877697842
0.000390015600624025
0.0004035512510088781
0.0004038772213247173
0.00040032025620496394
0.0003636363636363636
0.00040160642570281126
0.00035137034434293746
0.00040064102564102563
0.00039936102236421724
0.00037965072133637056
0.00040257648953301127
0.0004873294346978557
0.0004366812227074236
0.00042625745950554135
0.0004201680672268908
0.00046253469010175765
0.00042589437819420784
0.0004393673110720562
0.0004038772213247173
0.00044169611307420494
0.0004152823920265781
0.0004108463434675431
0.0005117707267144319
0.0004409171075837742
0.000513347022587269
0.00046511627906976747
0.00045578851412944393
0.00046598322460391424
0.00040160642570281126
0.0004248088360237893
0.00039936102236421724
0.00041288191577208916
0.0005376344086021505
0.00045662100456621003
0.00040160642570281126
0.00047393364928909954
0.00031308703819661864
0.0004389815627743635
0.00046685340802987864
0.0004389815627743635
0.00041186161449752884
0.0004065040650406504
0.0004177109440267335
0.0005263157894736842
0.00044365572315882877
0.0005353319057815846
0.00039840637450199205
0.0004266211604095563
0.0004985044865403788
0.0004363001745200698
0.000392156862745098
0.0004409171075837742
0.00046425255338904364
0.0004329004329004329
0.00046860356138706655
0.00042087542087542086
0.0004310344827586207
0.0004553734061930783
0.00051440329218107
0.0005015045135406219
0.00046382189239332097
0.0004432624113475177
0.000502008032128514
0.0005065856129685917
0.00040617384240454913
0.0003270111183780249
0.00042625745950554135
0.0005128205128205128
0.0004405286343612335
0.00046904315196998124
0.0003937007874015748
0.0004351610095735422
0.0003816793893129771
0.0003885003885003885
0.000429553264604811
0.0003681885125184094
0.0005506607929515419
0.00048638132295719845
0.0004508566275924256
0.0005076142131979696
0.0004344048653344917
0.00040290088638195
0.0004830917874396135
0.0004302925989672978
0.0005417118093174431
0.0004789272030651341
0.000380517503805175
0.0003405994550408719
0.00043821209465381246
0.00045330915684496827
0.00045454545454545455
0.00041118421052631577
0.0005353319057815846
0.0005091649694501018
0.00045998160073597056
0.0003990422984836393
0.0003846153846153846
0.0004520795660036166
0.00041118421052631577
0.0004464285714285714
0.00045578851412944393
0.0004420866489832007
0.00048828125
0.0004655493482309125
0.00039840637450199205
0.0004366812227074236
0.0003897116134060795
0.0005549389567147614
0.0004873294346978557
0.00038284839203675346
0.0003403675970047651
0.0004051863857374392
0.00043975373790677223
0.0004389815627743635
0.00043554006968641115
0.000471253534401508
0.00041597337770382697
0.00046253469010175765
0.0004528985507246377
0.00046125461254612545
0.00042918454935622315
0.000445632798573975
0.00044444444444444447
0.00046904315196998124
0.0004032258064516129
0.0004187604690117253
0.0003756574004507889
0.00039840637450199205
0.0005096839959225281
0.00034083162917518747
0.0004921259842519685
0.0004269854824935952
0.00041562759767248546
0.00046253469010175765
0.000496031746031746
0.00040551500405515005
0.0004329004329004329
0.0005102040816326531
0.00047393364928909954
0.0003785011355034065
0.0004803073967339097
0.0003479471120389701
0.000423728813559322
0.000362844702467344
0.0004108463434675431
0.00046860356138706655
0.00046948356807511736
0.0005040322580645161
0.0004332755632582322
0.00045662100456621003
0.0004
0.00044014084507042255
0.000425531914893617
0.000380517503805175
0.00037993920972644377
0.0004664179104477612
0.0004578754578754579
0.00042408821034775233
0.000427715996578272
0.0004476275738585497
0.00037993920972644377
0.0004520795660036166
0.00039308176100628933
0.000397456279809221
0.0003965107057890563
0.0003380662609871535
0.0004280821917808219
0.0004906771344455348
0.00039872408293460925
0.0005045408678102926
0.00046425255338904364
0.0005175983436853002
0.0004488330341113106
0.0004591368227731864
0.0004177109440267335
0.0004878048780487805
0.00046685340802987864
0.0004314063848144953
0.0005
0.0004725897920604915
0.0004452359750667854
0.0004868549172346641
0.0003816793893129771
0.0004012841091492777
0.000484027105517909
0.0
0.0004492362982929021
0.00041322314049586776
0.0004464285714285714
0.00042589437819420784
0.00042517006802721087
0.00034674063800277393
0.00037593984962406017
0.0004180602006688963
0.00046948356807511736
0.0004780114722753346
0.0004440497335701599
0.0004351610095735422
0.000423728813559322
0.0004633920296570899
0.00044169611307420494
0.00047036688617121356
0.00044444444444444447
0.00041459369817578774
0.0004306632213608958
0.000427715996578272
0.0004084967320261438
0.00041356492969396195
0.000441306266548985
0.0004935834155972359
0.0004310344827586207
0.00034626038781163435
0.00042301184433164127
0.00045454545454545455
0.00026896180742334586
0.0004906771344455348
0.00045998160073597056
0.00048262548262548264
0.00044483985765124553
0.000471253534401508
0.00038550501156515033
0.00042444821731748726
0.00045454545454545455
0.000445632798573975
0.00036075036075036075
0.00040617384240454913
0.00043402777777777775
0.0004405286343612335
0.0004807692307692308
0.0005720823798627002
0.0004608294930875576
0.000445632798573975
0.00043782837127845885
0.00045372050816696913
0.00048496605237633366
0.00048216007714561236
0.0005549389567147614
0.0003971405877680699
0.00045955882352941176
0.0005896226415094339
0.0004970178926441351
0.00039872408293460925
0.0004562043795620438
0.0005165289256198347
0.00042408821034775233
0.0004955401387512388
0.0004528985507246377
0.00051440329218107
0.0004170141784820684
0.0004553734061930783
0.00043554006968641115
0.0004280821917808219
0.0004752851711026616
0.0003045066991473812
0.00041459369817578774
0.00041050903119868636
0.0003479471120389701
0.00043821209465381246
0.0004091653027823241
0.0004440497335701599
0.00045004500450045
0.00043706293706293706
0.0004528985507246377
0.00038491147036181676
0.0004068348250610252
0.00045955882352941176
0.0004302925989672978
0.0004616805170821791
0.00036310820624546115
0.00046511627906976747
0.0004363001745200698
0.0004329004329004329
0.0004945598417408506
0.0004616805170821791
0.000397456279809221
0.00045248868778280545
0.00046253469010175765
0.00031426775612822125
0.00029086678301337986
0.0003863987635239567
0.0004201680672268908
0.00045578851412944393
0.0003756574004507889
0.0003787878787878788
0.0003465003465003465
0.00039556962025316455
0.0004363001745200698
0.00032981530343007914
0.00040716612377850165
0.0004409171075837742
0.0004921259842519685
0.0004233700254022015
0.00040716612377850165
0.00040617384240454913
0.0003681885125184094
0.000423728813559322
0.00046040515653775324
0.00043821209465381246
0.00030339805825242716
0.00045413260672116256
0.00048216007714561236
0.0004310344827586207
0.0004248088360237893
0.0003980891719745223
0.000427715996578272
0.00037230081906180194
0.0003834355828220859
0.00039032006245121
0.0003933910306845004
0.0003676470588235294
0.0003940110323089047
0.000423728813559322
0.000423728813559322
0.0003852080123266564
0.00046816479400749064
0.0004574565416285453
0.0004317789291882556
0.0003971405877680699
0.0004078303425774878
0.000513347022587269
0.00044682752457551384
0.0003486750348675035
0.0003714710252600297
0.0004528985507246377
0.0003924646781789639
0.00048449612403100775
0.00041631973355537054
0.0004351610095735422
0.0004970178926441351
0.00041152263374485596
0.00048216007714561236
0.0003419972640218878
0.0003912363067292645
0.0004492362982929021
0.00042735042735042735
0.0004045307443365696
0.00041288191577208916
0.00043402777777777775
0.0004574565416285453
0.0004329004329004329
0.0004574565416285453
0.00046948356807511736
0.0004553734061930783
0.0005138746145940391
0.0004302925989672978
0.00045330915684496827
0.00045578851412944393
0.0004187604690117253
0.0004314063848144953
0.00042735042735042735
0.00035561877667140827
0.00045045045045045046
0.00043252595155709344
0.0002810567734682406
0.00043554006968641115
0.0004095004095004095
0.00045413260672116256
0.00040225261464199515
0.0003971405877680699
0.00041425020712510354
0.0002577319587628866
0.00037257824143070045
0.00045662100456621003
0.0004012841091492777
0.00043782837127845885
0.00043402777777777775
0.0004222972972972973
0.0004068348250610252
0.0004068348250610252
0.00040192926045016077
0.0004248088360237893
0.0004935834155972359
0.00039032006245121
0.000441306266548985
0.00038402457757296467
0.00042589437819420784
0.0003427004797806717
0.0002891844997108155
0.00032216494845360824
0.0004512635379061372
0.0004366812227074236
0.0004677268475210477
0.00043554006968641115
0.00042087542087542086
0.0004108463434675431
0.0004310344827586207
0.00045662100456621003
0.0004743833017077799
0.00046040515653775324
0.00040749796251018743
0.0004051863857374392
0.000425531914893617
0.0005197505197505198
0.0005807200929152149
0.00046511627906976747
0.0004288164665523156
0.0003604902667627974
0.0004761904761904762
0.0004464285714285714
0.0004892367906066536
0.0003436426116838488
0.00038255547054322876
0.0003971405877680699
0.0004366812227074236
0.0004098360655737705
0.000423728813559322
0.00037064492216456633
0.0004317789291882556
0.0004332755632582322
0.0004409171075837742
0.0004748338081671415
0.0004878048780487805
0.00046816479400749064
0.00047664442326024784
0.0004306632213608958
0.00039494470774091627
0.00041220115416323167
0.000390015600624025
0.00040160642570281126
0.0005561735261401557
0.0003977724741447892
0.0004374453193350831
0.00048123195380173246
0.00046598322460391424
0.00044169611307420494
0.0004432624113475177
0.00040551500405515005
0.0003875968992248062
0.00046468401486988845
0.00039093041438623924
0.00040584415584415587
0.0004892367906066536
0.0003453038674033149
0.00042408821034775233
0.0004248088360237893
0.0005112474437627812
0.00040816326530612246
0.0004389815627743635
0.0004329004329004329
0.0005
0.0004177109440267335
0.0004108463434675431
0.00048216007714561236
0.00045998160073597056
0.0004921259842519685
0.00045248868778280545
0.00042301184433164127
0.00048123195380173246
0.00036258158085569254
0.0004366812227074236
0.00042625745950554135
0.0004428697962798937
0.0003819709702062643
0.00041736227045075126
0.0004970178926441351
0.0004484304932735426
0.00042122999157540015
0.00041356492969396195
0.0004266211604095563
0.00046040515653775324
0.0003720238095238095
0.0004269854824935952
0.00039840637450199205
0.00039277297721916735
0.00045829514207149406
0.0004950495049504951
0.0003546099290780142
0.00044802867383512545
0.0004965243296921549
0.000397456279809221
0.00041631973355537054
0.0003891050583657588
0.00043554006968641115
0.0005359056806002144
0.0004302925989672978
0.00048590864917395527
0.0003808073115003808
0.0005081300813008131
0.00042122999157540015
0.0004472271914132379
0.00040096230954290296
0.00042735042735042735
0.00048590864917395527
0.0003808073115003808
0.00040032025620496394
0.0004219409282700422
0.00044169611307420494
0.00042625745950554135
0.0004730368968779565
0.00040584415584415587
0.00037650602409638556
0.0004336513443191674
0.00037425149700598805
0.00041118421052631577
0.0004950495049504951
0.0004409171075837742
0.0004775549188156638
0.0004807692307692308
0.00044365572315882877
0.0005005005005005005
0.0004508566275924256
0.0004166666666666667
0.00041220115416323167
0.0004068348250610252
0.0004269854824935952
0.0004784688995215311
0.00041841004184100416
0.00038819875776397513
0.0003885003885003885
0.000335795836131632
0.0004065040650406504
0.00041562759767248546
0.0003779289493575208
0.00037037037037037035
0.00045045045045045046
0.00041911148365465214
0.00045045045045045046
0.0005154639175257732
0.00042517006802721087
0.00045248868778280545
0.0004488330341113106
0.0003933910306845004
0.0003980891719745223
0.0004621072088724584
0.00046860356138706655
0.0005324813631522897
0.0004317789291882556
0.00045454545454545455
0.0004219409282700422
0.0005175983436853002
0.0005117707267144319
0.0004389815627743635
0.0004266211604095563
0.00046904315196998124
0.0005197505197505198
0.0004266211604095563
0.0004940711462450593
0.0004892367906066536
0.00042444821731748726
0.0004032258064516129
0.00047393364928909954
0.00045578851412944393
0.00047214353163361664
0.00046685340802987864
0.0005382131324004305
0.0004854368932038835
0.0004633920296570899
0.00048123195380173246
0.00041631973355537054
0.0004393673110720562
0.0003885003885003885
0.0004317789291882556
0.000390625
0.00039936102236421724
0.0004310344827586207
0.0003566333808844508
0.000499001996007984
0.0005235602094240838
0.0003897116134060795
0.00042517006802721087
0.0004280821917808219
0.0004310344827586207
0.00041118421052631577
0.0004945598417408506
0.0004476275738585497
0.00046125461254612545
0.0005096839959225281
0.0004716981132075472
0.00035335689045936394
0.00036023054755043225
0.00042052144659377626
0.00047080979284369113
0.00044682752457551384
0.00047393364928909954
0.000513347022587269
0.0004677268475210477
0.0004757373929590866
0.0003894080996884735
0.0004578754578754579
0.000390625
0.0005341880341880342
0.00043554006968641115
0.0003816793893129771
0.0005102040816326531
0.00043706293706293706
0.0004152823920265781
0.00043591979075850045
0.00040716612377850165
0.0004570383912248629
0.00048355899419729207
0.0004897159647404506
0.0004385964912280702
0.0004677268475210477
0.0004351610095735422
0.0005813953488372093
0.0005025125628140704
0.0004570383912248629
0.00039032006245121
0.00041736227045075126
0.0004901960784313725
0.0004985044865403788
0.00035739814152966406
0.0004095004095004095
0.0005186721991701245
0.0004553734061930783
0.00038109756097560977
0.00047393364928909954
0.0004926108374384236
0.0004042037186742118
0.00048355899419729207
0.00044802867383512545
0.0005175983436853002
0.00047036688617121356
0.0003872966692486445
0.00045167118337850043
0.0004393673110720562
0.0004317789291882556
0.00042158516020236085
0.0004166666666666667
0.0003891050583657588
0.0004798464491362764
0.0005470459518599562
0.0003897116134060795
0.0003819709702062643
0.0004317789291882556
0.0005070993914807302
0.0004930966469428008
0.00043975373790677223
0.00048496605237633366
0.0004065040650406504
0.0004310344827586207
0.0004248088360237893
0.0004743833017077799
0.0004248088360237893
0.0003773584905660377
0.000536480686695279
0.0004508566275924256
0.00038109756097560977
0.0004906771344455348
0.00045004500450045
0.00042158516020236085
0.0003770739064856712
0.00045330915684496827
0.000425531914893617
0.0004916420845624386
0.0004306632213608958
0.00045413260672116256
0.0005246589716684155
0.0004424778761061947
0.00045045045045045046
0.0004734848484848485
0.0004730368968779565
0.00041186161449752884
0.00043782837127845885
0.0004344048653344917
0.0005341880341880342
0.00045998160073597056
0.0003878975950349108
0.0003977724741447892
0.0003977724741447892
0.0004784688995215311
0.00044603033006244426
0.0004452359750667854
0.0005081300813008131
0.00040290088638195
0.0004520795660036166
0.0004219409282700422
0.00038580246913580245
0.0005549389567147614
0.000445632798573975
0.0005055611729019212
0.0004508566275924256
0.00040225261464199515
0.0004757373929590866
0.00041459369817578774
0.0004528985507246377
0.00041981528127623844
0.0004187604690117253
0.00044169611307420494
0.0004868549172346641
0.0004219409282700422
0.0003604902667627974
0.00047036688617121356
0.00042625745950554135
0.0004166666666666667
0.0004045307443365696
0.00030921459492888067
0.00048496605237633366
0.00034340659340659343
0.0004562043795620438
0.0004393673110720562
0.0004424778761061947
0.000432152117545376
0.0004677268475210477
0.00048590864917395527
0.0004317789291882556
0.0004091653027823241
0.00044444444444444447
0.0004310344827586207
0.0003455425017277125
0.0004578754578754579
0.0004299226139294927
0.0003965107057890563
0.0003933910306845004
0.0004608294930875576
0.00041288191577208916
0.0004098360655737705
0.00039308176100628933
0.00047709923664122136
0.0004038772213247173
0.0004065040650406504
0.0003878975950349108
0.0004798464491362764
0.0004621072088724584
0.000502008032128514
0.0004664179104477612
0.00048216007714561236
0.0004789272030651341
0.00042301184433164127
0.0004616805170821791
0.0005060728744939271
0.00045248868778280545
0.0005107252298263534
0.0003924646781789639
0.0004472271914132379
0.0004393673110720562
0.0004351610095735422
0.0004854368932038835
0.00041118421052631577
0.0004950495049504951
0.00051440329218107
0.0003971405877680699
0.0003756574004507889
0.00047214353163361664
0.00042444821731748726
0.00041597337770382697
0.00049800796812749
0.0004591368227731864
0.00036656891495601173
0.00048262548262548264
0.000501002004008016
0.0004078303425774878
0.00042158516020236085
0.0004512635379061372
0.0005122950819672131
0.0004065040650406504
0.0004830917874396135
0.0003843197540353574
0.0004930966469428008
0.00041946308724832214
0.00045998160073597056
0.00045004500450045
0.00048590864917395527
0.0004488330341113106
0.0004428697962798937
0.0004830917874396135
0.0004887585532746823
0.00044444444444444447
0.000484027105517909
0.000432152117545376
0.0004317789291882556
0.0006016847172081829
0.0004496402877697842
0.0005076142131979696
0.00046511627906976747
0.0003961965134706815
0.0003711952487008166
0.00045998160073597056
0.00044444444444444447
0.00047036688617121356
0.0005192107995846313
0.0003419972640218878
0.0004492362982929021
0.00044014084507042255
0.00048262548262548264
0.0004803073967339097
0.0003006614552014432
0.00043591979075850045
0.0005246589716684155
0.00041220115416323167
0.0004621072088724584
0.0004284490145672665
0.0003834355828220859
0.0004095004095004095
0.00036900369003690036
0.00036469730123997083
0.0004288164665523156
0.0004950495049504951
0.0004492362982929021
0.00040617384240454913
0.0005091649694501018
0.00048449612403100775
0.00044365572315882877
0.00041288191577208916
0.00041911148365465214
0.0004512635379061372
0.0004911591355599214
0.0003990422984836393
0.00041841004184100416
0.00041981528127623844
0.0004472271914132379
0.00042122999157540015
0.0004201680672268908
0.0004314063848144953
0.0004344048653344917
0.00045045045045045046
0.0004219409282700422
0.0005107252298263534
0.00048216007714561236
0.0004921259842519685
0.0004068348250610252
0.0004965243296921549
0.0004284490145672665
0.0004621072088724584
0.0003834355828220859
0.00048262548262548264
0.00047709923664122136
0.0004091653027823241
0.00039032006245121
0.0004405286343612335
0.00040617384240454913
0.00038880248833592535
0.000395882818685669
0.0003720238095238095
0.00047214353163361664
0.00043975373790677223
0.0004424778761061947
0.0004424778761061947
0.0004975124378109452
0.000441306266548985
0.0004170141784820684
0.00045372050816696913
0.0004048582995951417
0.000501002004008016
0.000432152117545376
0.0005988023952095808
0.0005580357142857143
0.0004528985507246377
0.0004472271914132379
0.0004562043795620438
0.00046685340802987864
0.00041254125412541255
0.00040192926045016077
0.0003861003861003861
0.0004926108374384236
0.0004393673110720562
0.0004149377593360996
0.00045955882352941176
0.00045413260672116256
0.0004405286343612335
0.00040551500405515005
0.00043821209465381246
0.00046382189239332097
0.0003816793893129771
0.0005411255411255411
0.0004892367906066536
0.00042625745950554135
0.00047080979284369113
0.000392156862745098
0.0004574565416285453
0.0004314063848144953
0.00047036688617121356
0.00042408821034775233
0.00043554006968641115
0.0005065856129685917
0.00039093041438623924
0.0004616805170821791
0.00039184952978056425
0.0004222972972972973
0.00046511627906976747
0.000432152117545376
0.0004940711462450593
0.0004655493482309125
0.0004284490145672665
0.00044444444444444447
0.0004068348250610252
0.0004452359750667854
0.0004578754578754579
0.0004608294930875576
0.0004201680672268908
0.0004347826086956522
0.0005230125523012552
0.0004496402877697842
0.0004784688995215311
0.0004108463434675431
0.00036656891495601173
0.0005096839959225281
0.0005015045135406219
0.00045829514207149406
0.000508646998982706
0.0004562043795620438
0.0005025125628140704
0.0004945598417408506
0.00037993920972644377
0.00044802867383512545
0.00042625745950554135
0.00048216007714561236
0.00042265426880811494
0.00042517006802721087
0.00042052144659377626
0.00038138825324180017
0.00046598322460391424
0.0004012841091492777
0.00042158516020236085
0.00041186161449752884
0.0004591368227731864
0.0003526093088857546
0.00046040515653775324
0.000429553264604811
0.00040716612377850165
0.0004752851711026616
0.0004887585532746823
0.0004405286343612335
0.00046253469010175765
0.00041631973355537054
0.00042517006802721087
0.0004655493482309125
0.0003894080996884735
0.0005470459518599562
0.00047036688617121356
0.0005662514156285391
0.0004807692307692308
0.0003952569169960474
0.0005102040816326531
0.0004935834155972359
0.000392156862745098
0.00045372050816696913
0.0003734129947722181
0.0004492362982929021
0.00044444444444444447
0.0004284490145672665
0.0004633920296570899
0.0004108463434675431
0.00044169611307420494
0.0004798464491362764
0.0004440497335701599
0.00042052144659377626
0.00042625745950554135
0.00044802867383512545
0.0003990422984836393
0.0004068348250610252
0.0004725897920604915
0.0004950495049504951
0.0004616805170821791
0.0004344048653344917
0.0004389815627743635
0.0005938242280285036
0.00039184952978056425
0.0005820721769499418
0.00045045045045045046
0.00038880248833592535
0.00044014084507042255
0.00040551500405515005
0.0004570383912248629
0.00044365572315882877
0.0004363001745200698
0.000484027105517909
0.0004816955684007707
