0.00039691988623686756
0.0005815031933591405
0.000781056012047173
0.0008466073897183434
0.000989525468088515
0.001007053498074949
0.0010146934543440878
0.0010510360020899222
0.0010966085805517852
0.0011419809709316735
0.0009968307578866816
0.0009454348547124332
0.00101666222536114
0.0011042831915882708
0.0010913149936115862
0.0010609273190100433
0.001046631993563066
0.0010582704288060638
0.0011443828585246977
0.0011549469787958603
0.0011078517491365128
0.0011320440742287874
0.0010722824642650814
0.0011198026482228316
0.0011369675979527884
0.001198622506402172
0.0012490376939941212
0.0011741455977638362
0.0012080158228358236
0.001206788930303778
0.0012567942370212283
0.0012245136964072244
0.0012044630551955248
0.0013226177269320364
0.0013756003285059746
0.00125402365891782
0.0013440093127187512
0.0013734702566722318
0.001364910739050732
0.0013236013435498082
0.0013100679695909564
0.0013128504974341368
0.0013137778528594774
0.0014323142354817353
0.0013665807665417557
0.001409859926751854
0.0013137697486765624
0.0012137065348770137
0.0012986202416953487
0.0014009740116722438
0.0013460776782386473
0.0013301305221287535
0.0012661540273954566
0.0013431487181111864
0.0012384540976663478
0.0013142904449865165
0.0013308894499908638
0.0014344182858968245
0.0013950575381298613
0.0013491661917542014
0.0013220233314448855
0.0013152587823457944
0.0012785514499242619
0.001199043251336036
0.001319268578829645
0.0012875512770487434
0.0013201176911750755
0.0013159229090080942
0.0013956415409355622
0.0013060951141353379
0.0012950604046475754
0.0012382520013596635
0.0012995747780716832
0.0013323919206172873
0.0013272677729034195
0.001362308097344775
0.0014087925643043867
0.0014009225954080763
0.0014683456422696884
0.0014162206562691345
0.0014264949305961834
0.0014225105586629816
0.0014903618277580582
0.0014085832256408007
0.0014618216014979973
0.0014122194030755308
0.0013407832444452406
0.0013890703228102833
0.0012299567633037728
0.0012629720169585262
0.0013137793333249253
0.0013717961894568079
0.001360098667909596
0.0013125373677845063
0.001317165036523652
0.0013471446178903272
0.0012887126916103434
0.0012944161049093855
0.0013685479166806506
0.001338351963999761
0.0013654379323582353
0.0012804279510141106
0.0013139568496972334
0.0013005972657326229
0.0013024844095897508
0.0012594101076896728
0.0012482769000586587
0.0013792551385527006
0.0013861957641371112
0.0014804255625176794
0.0014500010441255223
0.0014671054956557233
0.0014425163657369351
0.0014811414763536528
0.0014582353001875515
0.0014780644176085773
0.0013908221684698528
0.0014356863655920224
0.001446689137706723
0.0013423442880859616
0.0012893222358502817
0.0012819248147726528
0.0012774827854963456
0.001323908487027993
0.0013309293543346745
0.0013932253154659944
0.0013525932342123583
0.0013476605513251165
0.0013066101366390854
0.0013040730331434073
0.0013055190145945179
0.0012472250967229177
0.0012832810254990305
0.0013182494211245802
0.0013037642959707444
0.0013521859093528885
0.0013656099129884939
0.0013975073968247168
0.0014321071079044412
0.0014465008275083365
0.0014367496585602406
0.0014077921175229126
0.0014191552543214804
0.001388178951455423
0.001436936469853848
0.0014123908576634786
0.0013706991113833172
0.0013988074816385077
0.001383869467726063
0.0013479749228991916
0.0013749851405954255
0.0014854482603256802
0.0014461250325960807
0.001453278824173483
0.0014252105634070106
0.0014063564758743394
0.0014636130655957952
0.0014049616768919736
0.0013380590400928598
0.0013536685356464633
0.0013764122458643808
0.0013596507604784133
0.0014066138392068903
0.0014101450732266897
0.0014016018767023808
0.0014252704823261683
0.0013435510473274938
0.0012580961252467
0.0012192167798737489
0.0013285360345836736
0.0013212948851338822
0.0013647926815034395
0.0014064647486417962
0.0013679701031834442
0.0013473196629189518
0.0013926124571558632
0.0013151596492040952
0.00138681672746227
0.001319511208430214
0.0013012962310983837
0.0012660048190488997
0.0014071836514097812
0.001479684969733207
0.0014602405071420773
0.0013812732437434977
0.001459786480832666
0.0013862675756783533
0.0015191445851621974
0.0015139739230733645
0.0014553649780936944
0.0014892502734565273
0.0014434197667598171
0.0013127608603801957
0.0013716119837902105
0.001331848581340344
0.0013620176288517403
0.0014295527247033316
0.0013718820042771856
0.0014177157429310337
0.0014263681164710855
0.0014464680065151372
0.001343700985826942
0.0013533794865185985
0.0013571487052929823
0.0013946540787769253
0.0012720089950426217
0.0013404736705075943
0.001352426643716466
0.0014627590655896523
0.0013448514663289722
0.0014019703311977379
0.0014083649527578902
0.001317257955696089
0.0013264239503703082
0.0013841419497386735
0.0013991462247252172
0.0014859780988899722
0.0014993802453324048
0.0014808232210621523
0.0014067503689897706
0.0014659629732213816
0.001403874626481756
0.0014191946433562278
0.0014189522761253956
0.0014556374834700076
0.001456701284143076
0.0015117064374021306
0.001466649471605602
0.0013765276223878993
0.0013050342305980075
0.001320945245343691
0.0013157982930016106
0.0012779667219558742
0.0013499195379740468
0.0014605503101092984
0.001387426844830796
0.0013893697557807389
0.0014172427352660442
0.0014363214037538348
0.0013628481241214688
0.0014239058301252566
0.0013834835757041268
0.001455353517578556
0.0014643329488897004
0.0013568572994349768
0.0013614312893512005
0.0013773011085838162
0.001305667787491959
0.00134891216844895
0.0013657563902721734
0.0014129738524656962
0.0014737309482155405
0.0014000308140313758
0.0013794991670800546
0.0014759020172639974
0.00138699987522164
0.0014058280510944189
0.0013474217143262517
0.0014574104025229819
0.0014383669322716541
0.0014158449334826866
0.0014500283339169743
0.0014700893113326892
0.0014883173568501933
0.0014447753590759221
0.0014040196189984435
0.0014154288674388422
0.0014313612621763804
0.0014249929770962532
0.0014053002806213048
0.0013298003043735538
0.001401267488016538
0.0014033132909159903
0.0013442537420854342
0.0012659604612769114
0.001326221927965431
0.0013265355543641288
0.0013116225428549933
0.0013204064195770047
0.0012840376356888085
0.0013859476769489743
0.0013604354179595998
0.001416483512498868
0.0013724846586259207
0.0013805323829731064
0.0014074499461823064
0.0014537574881620405
0.0014940097841725137
0.0013690090511924654
0.0014326704775660425
0.0014255733786854117
0.001418174922785371
0.0014176225181740734
0.0013697131967602347
0.0013762746964514736
0.00144054433367705
0.0014528234304760975
0.001507437045139498
0.0014293909721002887
0.0014637110180947092
0.0014239186338351902
0.001453296082411568
0.0014248172754310834
0.0013882148541646685
0.0014240752593340947
0.0014363516354693182
0.0014858992753166926
0.0014555331180329998
0.0014392360665902955
0.0013865166890878605
0.0014305673628046455
0.001339600857146909
0.001370188055447288
0.001409905511396192
0.0014701280771791578
0.0014459010696713003
0.0014547264434082306
0.0014593485092679187
0.0014416570128269071
0.0014006530163170443
0.0013368714380819651
0.0014617095701969878
0.001434365673217146
0.0013761423003189885
0.0013600824642677062
0.0013430515383881917
0.0014185889087605604
0.0013856837445004198
0.0014537815118125619
0.0014190865040128152
0.0013894874159852656
0.001492414693861957
0.0014994203515275417
0.0014044218172642095
0.001353390980243598
0.0013811671313809866
0.0014308044715114314
0.0013827544651617673
0.0013647804829987368
0.0012771234765394485
0.0012497814945903673
0.0012322852031877462
0.001396173016231378
0.0013526421917813532
0.0013601829711564375
0.0014207136252135204
0.0014381646056642724
0.0014803446755240696
0.0013800663584910714
0.0012977171564519572
0.0013690970860260297
0.001388139026834136
0.001367104067898238
0.0013627295959466016
0.0013754937325412852
0.0014310398149926745
0.0013716756931272118
0.0013949233580836152
0.0014065438740308912
0.0015453573468564839
0.0014960202345314815
0.0015011208582736027
0.0014772307554457777
0.0015379605975497377
0.0014653385147291697
0.0015000337649876093
0.0014805208529908786
0.0014082489322687225
0.001404216350647612
0.001497376587495257
0.001540132607590768
0.0015879593810550175
0.001431666016019015
0.001505965351259833
0.0014591909379819753
0.0014494440911170506
0.0014159402811866027
0.001341780742898884
0.001467222954139633
0.0013919480411672279
0.001454069525437167
0.001381445020271731
0.0015118598716866007
0.001494114064762598
0.0014639585987079224
0.0015582291594751813
0.001506149194601673
0.0014864974875595182
0.0013906883935093366
0.001441704425775114
0.0014866520901006828
0.0015357150291873023
0.0014803185335285766
0.0014501579885465882
0.0014772171842945257
0.0015443674278468936
0.0015376842482495432
0.0015613243481618759
0.0014785865492846402
0.0014964316766108996
0.001466307183336974
0.0014889260488229435
0.0014778977217795443
0.0015500804554516678
0.001406562322938737
0.0013771234374278247
0.0014400708565555699
0.001414150263231773
0.0015619120806259644
0.0015161215667881184
0.0015252547530418528
0.0014931873900185645
0.0015014397876126754
0.0015114739013736334
0.0015257020339869514
0.0014598022109266735
0.0014809323661882556
0.0014182697594230511
0.0014781055428289703
0.0015451496142473145
0.0014378885152699038
0.0014384281994264578
0.0013782401637275783
0.001484321245999198
0.0014273141800921847
0.0014176985176950145
0.001424805253895714
0.0014194896268718688
0.001471646028348337
0.0013867671370228697
0.001331393215556399
0.001431547071398905
0.0014235594510186153
0.0014847115800860314
0.001393510021560429
0.001419554691032695
0.0014976796727650267
0.0014698847304573668
0.0014609370628667396
0.0014021191629159358
0.001418749192030651
0.00144032918687696
0.0014023117277631135
0.0013402944964300957
0.0013386693159669458
0.0013318564593306319
0.0012707502108382383
0.0012743545960298625
0.001319279572408931
0.0013556359573101632
0.001346161633498652
0.001366663542333186
0.0015146831531044893
0.0015516702011021655
0.0014125620620344065
0.00134390334958464
0.0013776984166217075
0.0013112917638891193
0.0013919552754029388
0.001441216856256751
0.0014146664958960564
0.001526161857696133
0.0015901515347836103
0.0015914727721265153
0.001548294361520325
0.001584147947242253
0.0015153555262889583
0.0014414628100275972
0.0014218769541907627
0.0014928431382516649
0.0013978835620342893
0.0014621598152643957
0.0013608523824165
0.0014159254938995414
0.0014161529580511624
0.0013568353180959647
0.001374639724113247
0.001437426746501854
0.0013614841310254668
0.001325397736180778
0.0014288089623815921
0.0014448710199160936
0.0014233594970454655
0.0013909855148109822
0.001442436864122666
0.0013624500763793012
0.0012771141140986038
0.0014425945280926418
0.0014433349628617982
0.0015033880064179573
0.001457976913752931
0.0014411473380947664
0.001533021996872163
0.0015053372015894025
0.0014156361577109713
0.001566873703519676
0.0015032152914207842
0.0014639517359352923
0.0014955162111310652
0.0014713515342938536
0.001455108790415042
0.0015414000819135446
0.0014135777662808355
0.0014690956844876136
0.00154869779461312
0.0015044948782968756
0.001506552043464503
0.0014730708861396022
0.001469990244920002
0.0013885876428174865
0.001378807061372418
0.0015279980748910463
0.0015058813645479887
0.0014630917877785736
0.0015286155032470843
0.0015172424292941682
0.0014552959312635193
0.001433516193572175
0.0013602963896887682
0.0013324816222913234
0.0014122879002597857
0.0014640497538561943
0.0015087900736999353
0.0015586719908846913
0.001504202267597984
0.001437315406455778
0.0014576954783483951
0.0013712937754571418
0.0014387305029189379
0.0015154806920514054
0.0015004930715379165
0.001459170164474277
0.001355539011509481
0.0014185632705154632
0.001486540657524069
0.0015482861848619958
0.001568788553126045
0.001616544818758232
0.0015617145629573145
0.001521577396586891
0.0015148485563977313
0.0014749306493621805
0.001504635951241372
0.0014285586521124206
0.0014118979392257881
0.0014018525314496437
0.0013885805550526806
0.0013242749480530584
0.001298177140742214
0.001306415437668433
0.0014458013223125536
0.001438294297981087
0.0014726960414144501
0.001381992494851818
0.0014465857833375038
0.0013687649144701294
0.0014213751866579349
0.0014498611229945416
0.00144932967695903
0.0014658609873135268
0.001471312209926326
0.0014867638058496425
0.0013914099217231378
0.0013585222690946732
0.0014645825960919183
0.0014532565406946804
0.001438940725023077
0.0014779152436492657
0.0012514831842655488
0.0012906877027410912
0.0012777567041807527
0.0014548031023143748
0.0014450092401077817
0.001538940198566217
0.0015754440367829823
0.0015351989499788631
0.0015373414695944506
0.0015843025026498008
0.001491808347932557
0.0014288094437061097
0.0015208232123741893
0.001579806409401666
0.001615498851381067
0.0015683377632226614
0.001526319739036593
0.0014767623049855442
0.0014601411242018503
0.0013926395618898857
0.001359024031469842
0.0013906961470430367
0.0014224005920208808
0.0014127979703928608
0.0014411175735207808
0.0014928099885726308
0.0015044102787980167
0.0014598078737425016
0.001561754982346159
0.0016392226584007253
0.0016072735082264787
0.0016478170712723762
0.0015456203695897014
0.0015059563484597248
0.0013444874220080868
0.0013623761772978999
0.0013773554607938799
0.0013983059031508944
0.0014406839918394245
0.0013961139708060465
0.0014317527239322378
0.0014903882159613753
0.0014719216952020359
0.0013673930345910786
0.0015059016677377577
0.001476860972882747
0.0015268882951782346
0.00145260221164133
0.0014453891835777934
0.0014810583134847086
0.001458348724918019
0.0014112192977894329
0.001437571293853346
0.0014133278487295366
0.0014533882814536678
0.0015500601860240963
0.0014446955892086345
0.0013914547336062945
0.0013483761908708169
0.001507173622719729
0.0014142537247045209
0.0013778898868064308
0.001506043746508743
0.0014801613916242359
0.001425878660835435
0.0014229652872212778
0.0014495198608871958
0.0015170142390230484
0.0016067670137064822
0.0015905123129397424
0.0014820474301374333
0.001523603232345191
0.001460625252681299
0.0014439284040793517
0.0015389914937013378
0.001470926976469671
0.0014188839084872792
0.0014939639298347878
0.001480308567390663
0.0015375972000322557
0.0015828544006684223
0.0015023089939353127
0.0015735817364954379
0.001609889255420724
0.0016160602507110924
0.0015865776553073774
0.001507111299905473
0.0015248835187678955
0.0014989325082806805
0.0015141065917955072
0.0014577367350276332
0.0014790022216262394
0.0015015129194397294
0.001541488724621051
0.0014701497353735967
0.001401959989149423
0.0014212846420569546
0.0014865197190951803
0.001459662143295256
0.0014542201258825177
0.0015020849633567048
0.001458261289371591
0.0015188509491023132
0.0015681152774833166
0.0015364776284326452
0.0015383197227505773
0.0015338330653251297
0.0015346077426352527
0.0015205967136287196
0.0015087685501724618
0.0014657533291399115
0.001420716226407143
0.0016108755695328641
0.0015900432896681683
0.0014967244183709877
0.00148362408391377
0.0015617437893539422
0.001470786877944629
0.0014910721197793151
0.001504239182575978
0.0016350899279198618
0.001572569620545287
0.0014903706925329108
0.0014578904698976099
0.0014257301556987391
0.0014627811490804542
0.0015189719868510334
0.001526723044172913
0.001427552328133341
0.0014788728336790195
0.0015314211614700472
0.0014750742276564233
0.0014456718408755133
0.0014568854363964275
0.0014975447177982483
0.0015393889886731276
0.0015163987740666887
0.0015871434131166263
0.0015637549497579768
0.0015692012273768113
0.0015463300681621839
0.0014761845125435059
0.001429695994240004
0.0013604453391313366
0.0014468905461097296
0.0014596518848956558
0.0015610850333361143
0.0015861264259692336
0.001612159978535523
0.0015497391628078187
0.0016033599820805783
0.0015188141340615345
0.0015989945214023521
0.0015794592580594242
0.0015160506967414084
0.0014864570953875367
0.0015477359198514471
0.0015290869886718198
0.0015186158520077702
0.001613783899890644
0.0014758764885126282
0.0014804334752537484
0.0014390169244027098
0.0014849255457498986
0.0015135956663214092
0.001517625686811997
0.0014451337152322794
0.0015541235043267702
0.0015973024990806174
0.0015858928535799053
0.001535739194735915
0.0016437278957913632
0.0016284689123949017
0.001542452390277595
0.0014876026400173627
0.0016003125808259021
0.0016879352332451632
0.0015879905736854722
0.0015037517836158805
0.0015958711572602638
0.001604552584701636
0.001502011396940677
0.0014805767439048858
0.0014846115489165301
0.0015041204501095205
0.0014840219453981607
0.0015178042740455029
0.0015029495485180317
0.001500592451609094
0.0014669012879607595
0.00160794395101933
0.0015191578170649306
0.001475211237244455
0.0014403764751312407
0.0014226963711433946
0.001433860573286803
0.0014822992317420588
0.0014698235391926472
0.0015563112073333036
0.0015601269881591676
0.0015571714315667272
0.0015446366730627406
0.0015456199866990378
0.0015709423190741726
0.0015119396533151777
0.0015703413461859831
0.0014969289140354088
0.0013937033524486818
0.001428186134055911
0.0014060853292777687
0.001417831641047745
0.0014551076260345506
0.0016243736215651589
0.00155563013665434
0.0015789630139365024
0.0015095992280856755
0.0014992461281730315
0.0016196776937475444
0.0013905084802496176
0.0015229640227487744
0.0015409321605412848
0.0015261210038035606
0.001528698325816128
0.001519880171338762
0.0015505306988880232
0.0015543911900195264
0.0015594594950850663
0.0015542616709442953
0.0015935134529109945
0.00152236498538402
0.001500246696104664
0.0014204846725017102
0.0013685187917562651
0.001450734413201895
0.0015693008840301096
0.0015276277742927952
0.0015465760880383282
0.0015481498074872667
0.0014892973526225881
0.0014553168953496272
0.00146862399833036
0.0015401904344811543
0.001481133439517896
0.0015079076391611894
0.001530215927113219
0.0015441111789202923
0.0015001042543842105
0.001552821767248085
0.00156225212356098
0.0014689096660099987
0.001569886110204034
0.0015167054838899489
0.0015109669633399838
0.001554868363390121
0.0015015956776348884
0.0015458641712249822
0.0014807412248663823
0.0015060671720037405
0.0015307193551457945
0.0015185566706076203
0.0015765728051341371
0.0015818898217700066
0.0016180412949103504
0.0015503032615208088
0.0015361968750690332
0.00161168056255809
0.0015039648714610587
0.0015701205735061848
0.001563460456879047
0.0014744106063650773
0.0015794449970115703
0.0015552508109943665
0.0014926820662700597
0.0014775139604045028
0.0015157020757821968
0.0015156105381594878
0.0014708839371014016
0.001492476168505705
0.0014458322252702026
0.0014577928303804225
0.0014599261347155615
0.0015095816357678675
0.0015558853355274274
0.0015227698079692787
0.0014836629000261072
0.0015029085126099862
0.0015549666901999866
0.0016122012709703652
0.0015630067806277244
0.0014749952374777232
0.0015611277060338725
0.0015255811794013807
0.0015598922071122414
0.0015477635566891077
0.0015289371837200851
0.0015087240359396982
0.0015032191596577008
0.0014042391775378749
0.001420131206007122
0.001392998879551698
0.0015259693998810316
0.0015553350116736713
0.0015225702776400375
0.001497804373437491
0.0015655226124731219
0.001547089625212408
0.0015418721297066685
0.0015117016622211272
0.0015593160947540293
0.0015352217843808012
0.0015321457370045487
0.0014995639087389372
0.0014680751687400236
0.0014257424687955226
0.0014990266090534842
0.001471403395210445
0.0014673977475811863
0.0014224076180969008
0.0014090918965621287
0.0013916439277331233
0.0015198872953573915
0.0014563083919039057
0.001429804696269137
0.0014322112173379962
0.001362272189523952
0.0013493453446091533
0.001356301568095331
0.0013903725475335926
0.0013276743096001674
0.0013895785385985373
0.0013960828708907422
0.0014568458967165491
0.001470509725206545
0.0014571088177757325
0.0015152402365115837
0.0014619122395683173
0.0015369056293445696
0.0014788126524701744
0.0015221024035850452
0.0014586286761324
0.0014803914060194108
0.0013696919732565488
0.0014538573568134772
0.0015193774673066458
0.0014717941577237314
0.0014642954641391388
0.0014040465754421535
0.0014914861297487443
0.0013852863372952157
0.0014453881092362057
0.0015457118570590602
0.0014049658781267887
0.001363267685374376
0.0014283003418157708
0.001496225315750078
0.0014199410246593267
0.0013849699491911437
0.0014214667650389206
0.0014436979879587366
0.0014957221360761771
0.001524697026944177
0.0015274779163870682
0.0014669288813402028
0.001523996342238351
0.0016187980751014794
0.001497564879483818
0.001554922011524676
0.001535910937429913
0.0014553322652801814
0.0013883666085949553
0.001471896092093736
0.0014586080044061442
0.001546751831356621
0.0015932822484470367
0.0015773904903553515
0.0015289040048820548
0.0014320401495182577
0.0014988403418197242
0.0014799386456399914
0.001500457050195844
0.0014933648165986893
0.001395441206413026
0.0014989068784831818
0.0015355500345224109
0.001469835643752994
0.001480168414033757
0.0013947692482249904
0.00142737102764942
0.0014319691578002927
0.0014137814850642661
0.0014709820466708488
0.0015825263490245245
0.0015122882385763014
0.0014364081381058004
0.0014344087108978246
0.0014185024736313831
0.0014569929567554275
0.001590905265869566
0.0015471789491790322
0.001461494623213036
0.0014593812491974435
0.0014839418558376014
0.001430327265566208
0.0015065471157854227
0.0014471248197607139
0.0014450452182438356
0.001452737900864801
0.0013801057021422748
0.0013939549168671312
0.0014877588111429766
0.0014586655210401685
0.0015485818084031526
0.0014675505783575424
0.0015359343349171525
0.001511043931393937
0.0014896500797107338
0.0014711765995774062
0.0015402222759647506
0.0015580185055778966
0.00146950914542963
0.0014741441072366013
0.001444161453302449
0.0014384085687537567
0.0015207470223356735
0.0015447446927429637
0.0014404025160099246
0.0014781787255642902
0.0014579296408740055
0.0015582660804023746
0.0015875225502507667
0.0015357686495267864
0.0014782344588807493
0.0014087735187444962
0.0014169333767163695
0.0014687705837570393
0.0014701681098922247
0.0014855613387684096
0.0014617405337535542
0.0014897593580664684
0.0015516415310497568
0.0015243074078764806
0.0015285794708355686
0.0015104750852276557
0.0013916500530156048
0.0014819472794196263
0.0014812040962643399
0.0014627090177451478
0.0014099164382449351
0.001485300315882939
0.0015453285535969585
0.001436086649726656
0.001467380444805636
0.0015334315027691898
0.001419395729744987
0.0014545607721894616
0.0015406126305208558
0.0014812804442169993
0.0014949859525407604
0.0014161918004113624
0.001441218934132373
0.001457822689184104
0.0015203228489345433
0.001471560423522041
0.0015660797563403137
0.0014829007458180136
0.001480581552992474
0.0015040695046234323
0.0015275985949295438
0.0014271604686328576
0.001453465173426186
0.001443166568155817
0.0014189753059902683
0.0014515223109105822
0.0015018223145340862
0.0015881589131035404
0.0016429116285343577
0.0015315887433791134
0.0015452106365223164
0.0014140973735397796
0.00150163117344147
0.001475753842289738
0.0014073397814277067
0.0014519684966058854
0.0015175172591909488
0.0014506001700742223
0.0014472019413807825
0.0014772716084158915
0.0014966853235267369
0.0015095310044999193
0.0015394885695067808
0.0014883801808244048
0.0013668477182515837
0.0014126417327576964
0.001371901631381006
0.0014118030240419892
0.001446121724648402
0.0014767002355329094
0.001465032656217478
0.0015407045415041193
0.001588874619514516
0.001519208938556511
0.0014832981310834903
0.0014612884669766928
0.0014358698432536978
0.001421773902742647
0.0013864831671403612
0.001458218792715672
0.0014555896306852221
0.0015629476161016737
0.0015011661762603695
0.0013677013139740016
0.0014482278956757147
0.0014742864357774083
0.0013990368628779603
0.001397391480755988
0.0014500964859997152
0.001383775236054035
0.001434233729925191
0.0014552569725061184
0.0013901475603640794
0.0014115837705361155
0.0014695979093326563
0.0014632708828636607
0.0014129672645257824
0.0014095446580509171
0.0013504309283332828
0.0013713586140777412
0.0013220206980047884
0.0013298660815381051
0.0015150767609063535
0.001476547251457706
0.0014819295383026855
0.0014721160653634476
0.0014301588835741697
0.0014421734639571162
0.0013735708589588795
0.0013966564967639254
0.0013237992210872404
0.001433987870408617
0.001424630401599205
0.0013100399796092677
0.0013895937040117863
0.001556081816112979
0.0014942386288570027
0.0014550495785641126
0.0014024431768014283
0.0013663973549732813
0.0014280267675741186
0.001447229216642812
0.0014312307259188343
0.0013651742280607116
0.0014460381543635876
0.001377434417800274
0.00143454720844263
0.0014630819333661142
0.0014299460915670754
0.001374130687971096
0.0013172603908144448
0.0013873131334805025
0.0014186757614810667
0.0013832254622098748
0.0014289424183805447
0.001409006250149642
0.001418290103161635
0.0014089468904367334
0.001474291532960541
0.001480015737774491
0.0015276982471771187
0.0015101069902985046
0.001509682581730748
0.0014418276470597139
0.0014572112591302066
0.0015197042844335132
0.0014490611785714397
0.0014793968028519522
0.0014491294323387902
0.0014789378492103334
0.001476914852938988
0.0014283486254117828
0.00145009044390724
0.0015076305876216593
0.0015879553630486875
0.001503253057019203
0.0014824588487537809
0.0014980044217464638
0.0014799397843374652
0.0014507380717867283
0.0014694812268287631
0.0015659744843243074
0.0015258041667262036
0.001553755782820254
0.0015113226576134653
0.001435185237560081
0.0015258447123892465
0.0015128001664175157
0.0016067349210595824
0.0015979949573807727
0.0014428296591045124
0.0014886980177635423
0.001550996315951751
0.0015478836286332977
0.0015714318843317889
0.0015640968586152994
0.0015622854081282823
0.0014826585120038848
0.0014168468497431025
0.001430795658483378
0.0014594033638727875
0.0014942326993926816
0.001571539534983274
0.0016473813199680166
0.001526983728928366
0.0015575032002274206
0.0015508099435291324
0.0014943161676071947
0.0014983713911163278
0.0014317906857468988
0.0014311697986969334
0.0014464285598349725
0.0015820255827260275
0.0014686789959226713
0.0015603288159959988
0.001463034225280063
0.0015207930380612945
0.0015556791549401114
0.0015397535316356084
0.0015074454993695826
0.001547811156762945
0.0015712570730057704
0.0014466786468399447
0.001516809278423014
0.0014771532964479258
0.0015647686350104685
0.0015984139649051418
0.0015763079890929181
0.001586084084981338
0.0015361275227500717
0.0015121681305307368
0.0014228733730230947
0.001446909408355197
0.0014313153970421507
0.001494359950247354
0.0015509259088324302
0.0015648773660437872
0.0015717069141115887
0.001548781421813537
0.0016102185658475297
0.0016289407188724455
0.0015393625634112324
0.001629109260533187
0.0015664520762557913
0.0015526570218954302
0.0016037224845169731
0.001583874066328973
0.0015214521950155033
0.0015944722507805554
0.0015677731727945375
0.0015110122106478225
0.0014926306865453473
0.0014971752663705503
0.001570638892240611
0.0015199110099399814
0.0015367752830637753
0.0016302716541611855
0.0016591095382001125
0.0015005259510533773
0.0015170757466233156
0.0015845777272643208
0.0015106003947320745
0.0016778448113582364
0.0014706498099165215
0.0015377114324283308
0.0015521006407147805
0.0015290734925998697
0.0016230745020422285
0.0015636604418290546
0.0015971990530406328
0.0016613568848921638
0.0016514222659512379
0.0016419728717885333
0.001685466537569224
0.0015906142441703731
0.0015760587167449487
0.0015096711788364788
0.0014907493995076392
0.0016002226956416817
0.0016270810986080612
0.0016473286466447596
0.0016252138426235381
0.001590312296562226
0.0016305897764495698
0.0015542814141961863
0.0015280899494227197
0.001520560381288512
0.001536817194903843
0.0015404993393354556
0.0015617565484105252
0.0015187787145019783
0.001643306434629699
0.0015735277554137232
0.0015797656131375233
0.0015598019502911806
0.001587970598929825
0.0015833416091415378
0.0015514148964802384
0.001527467407551461
0.0015203993759530228
0.001542434568597679
0.0015377087119178253
0.001508406652935681
0.0015413902888219407
0.0015066550496199546
0.0014501797465472936
0.0013901523617485879
0.0014977452326166323
0.001625320105215239
0.0014628813051149484
0.001574031855949804
0.0015082514191318808
0.0015873472183134364
0.0016034748587972704
0.0014843855902151755
0.001608880587337901
0.0016057168732858075
0.0015329115493203233
0.0015895916140879123
0.0015855544291569297
0.0016163178976304315
0.001594138969608393
0.0014063921406741184
0.0015819963138128533
0.0015282949268569353
0.0015323523641776044
0.0016130547420901752
0.001523252701935482
0.0014200194346292844
0.0014167065372262103
0.0015252752962121232
0.001441339197758425
0.0014680284778519836
0.001520553010627386
0.0015962793900504222
0.0015697001241216028
0.0015257946957391148
0.0015489972415006512
0.0015416629289047603
0.001512118155847339
0.001587142068250139
0.0015561604207403178
0.0015408781026387047
0.001534298607253602
0.001619116931902264
0.0015552777969984881
0.001531144717502106
0.001557556118713622
0.0015266939850961947
0.0015576284690137527
0.0015165438128088215
0.0015930714255723317
0.001517493878095406
0.001544679742408213
0.0016272431531927708
0.0016225674382644192
0.0017672664192566088
0.001690881166422543
0.001645519080945328
0.001700521419609387
0.0016655198150700582
0.0014166325310385841
0.0014274205200745555
0.0015726987772411653
0.0015538731866214938
0.0015030090870004444
0.0015330382159640431
0.001460599077607211
0.00141591705474844
0.0015198691968311855
0.0013980928904957983
0.00142193401451387
0.0015021423232536035
0.001507142781389617
0.0016422715058421072
0.0015926083239694128
0.0016118629265289175
0.0015482589254487643
0.0015091704349611376
0.0015914151049903796
0.0015283784928141293
0.0015653777761262927
0.0015651453402932
0.0014677013703366174
0.001568444453433793
0.0016309335046449554
0.001632649645971289
0.0016055595206835873
0.0015936989966574336
0.0016141947662124726
0.0015706444978486498
0.0015945194524588377
0.0015232679399470894
0.0015407829852217595
0.001569865594786792
0.0014105253079234354
0.001477265540733834
0.0014442664331143313
0.0015044933003403242
0.0015760329284945792
0.0015359376255286742
0.0014919685220956228
0.0015939617155194795
0.0015546384397058975
0.0015260473108811526
0.0015732492449441382
0.001498450581815532
0.0015112550144990122
0.0015548761839535808
0.001675727795081342
0.0017436161293192655
0.0017144637133678158
0.0015857902849957908
0.0015198767051109552
0.0016437173959019035
0.0015410229651390299
0.0015020224029573597
0.0014109808000087225
0.001531907793331456
0.001590134764885833
0.0014667939091073255
0.0015333961574293081
0.0015400325797792081
0.001518166489631659
0.0014867114520249309
0.0014170859736585553
0.0015514705346007637
0.0015409615075624267
0.0014446901753043314
0.00149308281094475
0.0015156942568705014
0.0015184422170355638
0.0015176896079811993
0.0014018291071176167
0.0015038534741480475
0.0014615262336857698
0.0013727522556481746
0.0014318629601658707
0.0016602166395642752
0.001564009504401706
0.0014406002226359945
0.001489589495152583
0.00140544852974902
0.0015103904925951983
0.0015012723236016736
0.0015095693568155176
0.0016284153405095013
0.0014978786678518658
0.0016390250251214515
0.0016099683494470176
0.0015609997078269962
0.0014893479540675888
0.0015866433659887614
0.0016181452377883037
0.0016732141872535188
0.0016037810905761187
0.0015469973594900743
0.001635750569002646
0.001543560378394985
0.001732265614409949
0.0015735435362367741
0.0017092783007979487
0.0017261673722579634
0.0014881426284029755
0.0016185832483087868
0.001611802074091082
0.0016199383180475954
0.0016478579797788342
0.001603261505258931
0.0015476970449393099
0.001581042279194682
0.0016746050925437585
0.0016173813909650496
0.0015542838140161282
0.0015897994530516513
0.001610348240144457
0.0016839954579641178
0.001580437010396916
0.001633513314091946
0.0015075049365382495
0.0015318001767830672
0.0015467970898997464
0.0015696434903585265
0.0015438135249504258
0.0017494254972121022
0.0016807715975210148
0.0016966690178810211
0.0016467986134543736
0.0016189004894161564
0.0015811517161260175
0.0017693269266569253
0.0015459256085894155
0.0015264715282997917
0.0015355948193257272
0.0016162584170899582
0.00165970028559442
0.0015939247203558356
0.0017431242903806258
0.0016423433757480393
0.0016634089877923565
0.0016197669554842635
0.0015349049047663726
0.001563428570476419
0.0014511749321202997
0.0017063534013213215
0.001673560799091168
0.0015922404172003758
0.0015347743168795693
0.0015393599150060923
0.001700528609656931
0.0017965810818905052
0.0015967697994083683
0.0016377500116554332
0.0015087690870160572
0.001492089286958206
0.0016549096075038235
0.0016337499808386096
0.0015920194403477971
0.0014648845233495385
0.0014957153618050058
0.0015388239433923453
0.0015478523780970501
0.0014554797698189345
0.001665174559704479
0.0015924954828708125
0.0016036712584155107
0.0015857506407977486
0.00155602513978188
0.0016318560226513154
0.0015579260973072483
0.001609547123590974
0.0017877882866949798
0.0016604170272758723
0.0017438860805140141
0.0016316957013902346
0.001749567456476419
0.0017533914721454126
0.0016186041181600053
0.001647261570004345
0.0016010105455040676
0.0016414592805101338
0.0017029207549715069
0.0016897681708544893
0.0016151971621317077
0.001567274137649583
0.0016466014726851594
0.0015887038235383262
0.0016612393236615007
0.001624518017343552
0.0017200976880458712
0.0016081914305786681
0.0016824680358689251
0.001690403325495938
0.0016123024471998908
0.0016907256148900897
0.0015859252349562573
0.001631931219013697
0.001602127909651068
0.001763942431842604
0.001639872700354468
0.0016762499351417994
0.0016661469480271942
0.0015703004020127984
0.001655808240239018
0.0018400517021008337
0.0015884558233958625
0.0016147117105901599
0.001636503713075907
0.0016993365537271697
0.0016261278304809212
0.0016200261452962374
0.0016808595714148794
0.0016653694817815776
0.001543844294883461
0.0017096630060357385
0.0016761651140914109
0.0016810166963449008
0.0015885196725575145
0.001592706789897569
0.0014413846456881809
0.001522613373759757
0.0015736150181559834
0.0016156250133230272
0.0016116604786504075
0.0016349172201978195
0.001653263771220579
0.0016866307009671356
0.001538023185426909
0.0016012480907453591
0.0015337525993661947
0.001604416275327246
0.0016049963226806604
0.0015877187144501732
0.0016088746665766944
0.0016484696353286966
0.0016562346308666277
0.001645033402941239
0.0016217882420313274
0.0016200500548890033
0.0015399939271876573
0.0015953047108324392
0.001637018627212825
0.00158404039385047
0.0015940663345017192
0.0016039403187468183
0.0015836590683286416
0.0016897379041034193
0.0016551993979270379
0.0015194925588853869
0.0016310659548056975
0.0016059856083568186
0.0015595906602055532
0.0016886262539241121
0.0015955173966793403
0.001581174853419428
0.001707344231168146
0.0017413915196283784
0.001588930151425146
0.0016678956355750227
0.0016082568274053413
0.0016938641608873354
0.0015814580291747956
0.0015882899139210425
0.0015195680768571986
0.0015452258997352725
0.001571513323387796
0.001540913746236369
0.0016240289651182607
0.0016500356799397308
0.0016935081660801438
0.0016404400117155011
0.0017495662987812308
0.0016034588599744212
0.0016162029042972599
0.0015427761682598876
0.0017095972536385836
0.001601466154440462
0.001587036515154644
0.0016063031598184273
0.001668563144874049
0.0016300158285545818
0.0016578620112420873
0.0017080600609408205
0.001583611779113773
0.0015731973899824237
0.001680992340517601
0.001656482505449978
0.0016563504590541484
0.0017008644813877709
0.0015786703262809178
0.0015846628362528752
0.0015642084543044585
0.0017621773852882071
0.0015707124978768918
0.0015710072518573912
0.00169918281419369
0.0016276585828933355
0.0017605171819673816
0.0016496528612534168
0.001685988320910333
0.0015178659699799347
0.0015975121694745491
0.0016752027960111584
0.0015456662688649368
0.001633472535586522
0.001582712237659216
0.0014695812153072807
0.0017230159981343246
0.0015287526119073034
0.0016530372433121174
0.0017736687114600993
0.001565637408795466
0.0016490805516195229
0.001640928198747008
0.0016884748938400544
0.0015275260892435155
0.0017321489719971483
0.00172352995359466
0.0017239499218170984
0.00184406391078567
0.001681477512521653
0.0016570145726977038
0.001819437761980267
0.0016742705536057297
0.001553832607247874
0.0016652136624526062
0.001512632179570781
0.001672920274461288
0.001517785139761633
0.0016243127885323754
0.001584131087642339
0.0017072729836175003
0.0016278240984255172
0.0017258903989685994
0.0016000561948816586
0.0017680396268252286
0.0016108093949083714
0.0016035747955557322
0.0017538841311646957
0.001604181322347593
0.0015785713896359942
0.001521679207273915
0.001667508022939482
0.001634300359607977
0.0015457709779645628
0.0015939606051108325
0.0017010918235538242
0.0017693171625271635
0.001728341263824419
0.0016908127467033021
0.0015751538034985114
0.0015896493397408987
0.0015939108896633177
0.0016456702694249627
0.0015713089689462125
0.0015611048672390542
0.0016299737393957521
0.0017748998747200606
0.0018470715999159175
0.0016679533291138907
0.0015418980509140886
0.0016205864488119124
0.0016761190451530345
0.001566542940795139
0.0016129389168159371
0.0016914972489860953
0.0016472531601802857
0.0015984583794725203
0.001744688725082412
0.0016640645719883237
0.0016208778666139232
0.0016997011010067306
0.001673250472697801
0.001766312197626535
0.001681605163168894
0.0017234890976377015
0.0017339169175484492
0.0015965909093482347
0.0014947374960399286
0.0015919885412038226
0.0018605569358342883
0.0015918284584820709
0.001664211639832748
0.00161444438216961
0.0016988201659713321
0.001766782012061107
0.0016271064417180553
0.001699186837242756
0.0018399374444520856
0.0017227447602629908
0.0015834747547981676
0.0016948013224746513
0.001591912259679576
0.0016601108999692439
0.0015946077187501437
0.0016399554876022344
0.0016025610916016735
0.0016963581140736366
0.0016263531579482813
0.0016726488964951037
0.0014790507440700764
0.0016293503169847446
0.001794665397341148
0.0015733669452996121
0.0017261068037842668
0.0016011176762032303
0.0014919677482632648
0.0014886104439237216
0.0015005146532109446
0.0014356945058134993
0.001415862926999508
0.0015424660315951613
0.0016732400268508762
0.0016038058895090032
0.0015569506833352606
0.0014888017942399506
0.0016187088598387201
0.0015657707404058189
0.0015650239533060932
0.001598208509457022
0.0015896458485486823
0.0015851693477559002
0.0017593656891424585
0.0017109325573348045
0.0016373463572299496
0.001591212010138538
0.0017030027200644227
0.0015452409133484986
0.0015310776623531678
0.0015861122854922164
0.0014317395711923853
0.00156573192813032
0.0016625663042535857
0.0015200940958320567
0.0015518762146201992
0.0015864831230623562
0.00157896382715157
0.0017105036663698345
0.0016022018125917666
0.0015900976338004496
0.0014828630492151925
0.001541531337510774
0.001563619512462312
0.0014663838529329312
0.0015464246683566324
0.0017182210255750152
0.0017717768104949002
0.001630460656322617
0.0016023591254052353
0.0016010148359325092
0.0017749003424127633
0.0016011965397945396
0.0015409245788155306
0.001511040143976965
0.0014818758410048334
0.0013858236091885848
0.0016411022291137835
0.001617886017528017
0.0016527679215297976
0.0017566950237155557
0.0016121107122592077
0.00156783382274273
0.0016410033028317625
0.0015036157932371542
0.001500398001504672
0.0016808189453148194
0.0014249434890415919
0.0016219231394855463
0.0016058369345698339
0.001543503368856651
0.0014620552762195217
0.0014742535912705042
0.001589601802103606
0.0014888933686058071
0.0014546549056789091
0.0014939449440133851
0.001596770025149632
0.0015107576690810613
0.0014523433729749554
0.001605139417435175
0.0014346466986481486
0.001487695089584643
0.0014750327016083942
0.001508485697689619
0.0014596162199643965
0.0015175441011579542
0.0016438127735617133
0.0015550596982249444
0.001474866248045755
0.0016909152019258544
0.0014254284553327013
0.0015972860140714565
0.001582548546278787
0.0015874636336454479
0.001470289871174209
0.001467080532598446
0.0014710087068505013
0.0014850524155093788
0.001592970210619392
0.0017233398500386176
0.0015617490083698255
0.001430961522749778
0.0014604548250889992
0.0017425073445786166
0.0015899214411081196
0.0014843493892438475
0.00149467911089111
0.0015032800049453283
0.0013865769497944111
0.0014226850602464373
0.0015535459915210473
0.001431842614857604
0.001417732144072498
0.0016005036248316925
0.0014851594415299073
0.0015491259293960418
0.0015723430109370045
0.0015045596953407773
0.001488943280790488
0.0014938826739338254
0.0019403318679268608
0.00159384993558075
0.0015069134748514493
0.0016489553517160728
0.0016424197771481139
0.0013401818089646645
0.001533651430389335
0.0015094406986209017
0.0014029178817366128
0.0013934001693963025
0.0016271145949398192
0.0016612203370032351
0.001532261083192203
0.0016046346041187099
0.0015345098820563413
0.0016462119760994377
0.0015496115894291812
0.001496628167661342
0.0015119047564325536
0.0017093211673394869
0.0017311929529512265
0.0015543940099285595
0.0015750863942279078
0.0016019767531773373
0.0017697725200711302
0.0017660629943145696
0.0016288795156002365
0.0015121755279726274
0.0015821435270190394
0.0014852317674065316
0.001570155011418902
0.001641004896108948
0.0015077335982358673
0.0015408492016872912
0.001509794858510116
0.0015642751522685515
0.0014700641092468085
0.0016729149558285417
0.0015668750503661497
0.001520402031040955
0.0016243090790551667
0.0015701557651789748
0.001580841156179547
0.0016324557857351014
0.0016271223518692954
0.001498908969180109
0.0013043501032818643
0.0015448372387492013
0.0015547553552402716
0.0014457116370964957
0.0016762996326466157
0.001458673231811605
0.0015935134999331
0.0016201584586129567
0.0014065147215845718
0.0015125346154446053
0.001459729237107414
0.001494201589065318
0.0015695333303448295
0.0016582835552986798
0.0014640241550609458
0.0016998337329567452
0.0017337165333174503
0.0018874441473155656
0.0015573755484267527
0.0015959742901756867
0.0016358548506881928
0.0015290081757130306
0.0016623045256576108
0.0016160498857641459
0.0017511446798780287
0.0016266215099622354
0.0017461147333462264
0.001570392570137288
0.0015937795441706049
0.001712821865184605
0.001617753580830356
0.0014363012967186838
0.0016133929640776911
0.0014378293006435028
0.0015997417067810766
0.0015574743580329712
0.0017079348971005348
0.0015351761628574834
0.0015157488232955799
0.0016345247538559677
0.0016408198359444538
0.0016092375483766576
0.0018124832391857902
0.0016706174604798356
0.0016333058464539827
0.0016057487312488264
0.0016598380384958236
0.0017387152685993856
0.0015467891089460649
0.001661875115129923
0.0016604115031481957
0.0016439513190665655
0.0017030927430495546
0.0016303687974121564
0.0016048774775170715
0.0015991958723616127
0.0014448678005960806
0.001545293521363619
0.0016718987890289856
0.0015614437466344748
0.0013214997529279672
0.0015392827289049114
0.0016306943166683014
0.0015771092882876704
0.0015291767358570135
0.0015121185743896778
0.0016859092073106127
0.0014478047549589014
0.0017315043460268548
0.0015085767255203992
0.0017696685333001268
0.0013752723280423423
0.001563301900663183
0.0016660691909777784
0.0015065347923712954
0.001816637398231594
0.0014749767955817192
0.0015347839878821956
0.0018431299495478045
0.0016646068209075278
0.0015767995051018627
0.001574439042840523
0.0016070968929391147
0.0017488739524646117
0.0015797277994717587
0.0015154400992184978
0.0015008369529913343
0.0015416730080251974
0.0015726720258979019
0.0014856051465538017
0.0015678125978459494
0.0016310390885900345
0.0014820005301857308
0.001411579301087306
0.0016220156555311947
0.0015983755533895876
0.0015912347777199281
0.0016076897426817512
0.0015409010549730167
0.0016443632663242149
0.0016894925637074153
0.0015924633423024155
0.0018120999860605708
0.00164259534882045
0.0014730904788815447
0.0016132094939330629
0.0018042597114274713
0.0015964610685750902
0.0017910281159383048
0.0013940242531418827
0.0016108566862202305
0.0013739153797185225
0.0016236114149422646
0.0016730438466828485
0.001746989626545676
0.0016378144037375434
0.0015960192592187653
0.001563773128843243
0.0015880915999168241
0.0016154485572909523
0.001560206255954476
0.0015228820967269118
0.0016013566146265443
0.0015381138398677706
0.0015917683345624807
0.0015874073270601406
0.0016343498806155115
0.0017067002724913155
0.001638029891110764
0.0016994902686499605
0.0017970122081038388
0.0017653418747774906
0.0018929464724176416
0.0016823338463468275
0.0018165287616574756
0.0016325132650958178
0.001704497958077701
0.0017220739673387308
0.0015876518112434553
0.0016721937127115879
0.0015443082782511251
0.0015979740366860592
0.001598624459747342
0.0016922229751593647
0.001617685709094
0.001538828734550633
0.001427348070027954
0.001584857584098468
0.0015387160834254025
0.0016108629854458016
0.001729657370469379
0.0017757335555512554
0.0017797404662593687
0.0017094886653809826
0.001801571363189111
0.0015494651156573022
0.0017744318185583601
0.001730268226393169
0.0017180839726419045
0.001792020154428941
0.0014062786912548788
0.0016997941088945092
0.0016711658122938653
0.0016300794688829125
0.0014542934313847764
0.0016992789808877883
0.001558802129850485
0.0014454589621346783
0.001674548470609848
0.0017714028907251727
0.0015590255677070655
0.0015450194820987853
0.001617490847584614
0.0015757487232975118
0.0015847764203828234
0.0015322735294782813
0.0016224746227774035
0.0016507701527499947
0.0014868067635576876
0.0015356211448560593
0.001551394678199724
0.001624763825059128
0.0015836577160755047
0.001609012913005113
0.0017043366951995315
0.0016453791126634127
0.001558280042848211
0.0018253960454388389
0.0016685555354247587
0.0015690406612630613
0.0014958616621597069
0.0018803052612499046
0.0016818349892194348
0.0016833885428068469
0.0016375239267717074
0.0015918827511906925
0.0016474776414970146
0.0015540548779685982
0.0016304637912633545
0.0017389566945987668
0.0016961913636264277
0.001625336827245176
0.0017486730453708326
0.0017904600381444353
0.0017187304217538449
0.0017625396677082585
0.0017654116202572782
0.0017329104965669894
0.0017323480484742687
0.001644747642501417
0.0016249097617671829
0.0016760287381569925
0.00182203721078174
0.0016749425737026733
0.0017360499136295493
0.001563329387002935
0.001711221058286893
0.001779364241991229
0.0016501606680282667
0.0017583413755517079
0.0018107525680659243
0.001501700170550197
0.0016608185458070847
0.001738074563113348
0.001844053066808513
0.0019133310030335986
0.0016140083784746673
0.001693716673498523
0.0017222517058803684
0.001613966807983552
0.001791088208022314
0.0016734350112345001
0.0014730898826256634
0.0016419940786238498
0.0016649520101734627
0.0017770506978606686
0.0016488657249815976
0.0016734132382538948
0.001738972270330035
0.0019162161906596889
0.0015796434322169043
0.0016353174640109157
0.001608477716389386
0.0018302179055108675
0.0017155939146961258
0.0018536535402393333
0.0015823649759557222
0.0016031966354291265
0.0016437653759929943
0.0017059760304971089
0.0017206942205026394
0.0016873486458904362
0.0018208495960657888
0.0017749109777563078
0.001511496124701816
0.0017858993902031188
0.0015172569279068816
0.0016118552947739055
0.0016192172983328886
0.001666441650089821
0.0016610037440950125
0.0016384769618769143
0.0017616146594741269
0.0017547315006280673
0.0015095965940343876
0.0017460067896807082
0.001624330070797295
0.0017305158997857025
0.001841456051156254
0.0016596500517085818
0.0016612368512161622
0.0016963794621570284
0.001734958389967861
0.001743599657570973
0.0016012036072310728
0.0016668213990065847
0.0018078827409290371
0.0016978400355204246
0.0018660814837177394
0.001709868926605344
0.001696797726682546
0.001726102737362816
0.0017721885447282745
0.0016949548075394266
0.0018301277028472105
0.0018328750119312172
0.0018737683743241377
0.001860047610959534
0.0016712564854358858
0.0017459375803305635
0.0017091617553993297
0.0018144463843148848
0.0019870750702267433
0.0016340748551326903
0.0017031001787868503
0.0017154267933429048
0.0017705296084185667
0.001838590453086335
0.0018334380405749075
0.001678298420934679
0.0016625069546479649
0.0017227739855673768
0.0017651730408410522
0.0017086438989164555
0.0017560647813413004
0.0017158161222162601
0.0016608454053126567
0.0016133108469150803
0.0016977489935545412
0.0015853439107392587
0.0015622209647138112
0.001601066551122908
0.0015898754323967364
0.00195369851222636
0.0017778069227779416
0.0016447835381277125
0.001847741354383312
0.0019903608317544683
0.0018590081043157213
0.0017315498469273165
0.0017577070987084096
0.0016796944180011155
0.0016566586854439597
0.0018613230111141738
0.0018162652852157575
0.0018387813740590507
0.0015970074652363218
0.0016739275691821343
0.0018005259405847495
0.0017546409020056945
0.001833192750787843
0.0016886422773647427
0.001767976383918427
0.0018273177831652947
0.001563781302768316
0.001698769942212751
0.001811585600475346
0.0016676230597353198
0.0018021013395697514
0.0016293661243947316
0.0017071523978963046
0.0015844944011440228
0.0017085927567396545
0.0017297892842490607
0.0015200629884704441
0.0016734089322438992
0.0015724840681808833
0.0015960156105409681
0.0016201513665023903
0.001705207372904047
0.001707659386396671
0.0015462668834045905
0.0017995628719268736
0.001554850151673875
0.0015374123011088932
0.0018282803232735508
0.0017780019157191335
0.0018234558576493494
0.0016326606694582941
0.001585759333436891
0.0018984317565544043
0.0018904625212485435
0.0015750180089831908
0.0016452271873500883
0.0015969721445757276
0.0016937968103688543
0.0017909354343522952
0.0016909548939204704
0.0017153191513310374
0.0015698184558706667
0.0016985092795721382
0.0017126609901727014
0.0016825550119438715
0.0016694862703686539
0.0015359869475692098
0.0016878250689165975
0.0014636070840293896
0.0017960137950575445
0.0017163621095644388
0.001838243003154372
0.0014728680573238796
0.0018950874518477328
0.0019564221165802756
0.0017333223462930286
0.0018130103216732136
0.0016153201165258837
0.001842941150839268
0.0016967144807868578
0.0016209624342178842
0.0015563005758318024
0.0018494185801273223
0.0017566198294882247
0.0016419978214965425
0.0018759125719227515
0.001739245521933469
0.0019095934490360286
0.0017034737913238377
0.0017080390493105454
0.0019133108587466809
0.001703238289527791
0.0021116779080622996
0.001874088540302361
0.0018617746448629188
0.001565820208768232
0.0019382433913392896
0.0015542330007734875
0.0016231715780304005
0.0018705947285812287
0.0017551261615088908
0.0018566089565049757
0.0017407554958449904
0.0018699684758481034
0.0019242704834902394
0.0018066260101990074
0.0018147757992072054
0.002066549777043126
0.001636480395114392
0.0016402835902571077
0.002057818735641378
0.0017557259489530137
0.001835315338147971
0.002036813175069422
0.001687304822228374
0.001852227731827222
0.0018006848410555296
0.0018610760505690363
0.0016389008600208109
0.001859217160319798
0.001918644937570709
0.0016893267301748907
0.0018923295689888331
0.0020463977637001124
0.0019746847341689765
0.001790126198580424
0.0020774829830863483
0.001893956297802307
0.0018966278621264548
0.0020344587153821236
0.002024662024445468
0.0019937395651227546
0.0021694294329710636
0.0020413262575267447
0.0018663784267734479
0.001632297487811872
0.002229895533377897
0.002044347615291437
0.0021070406928059707
0.0017760974777927057
0.0017685313435953241
0.0019025999973559802
0.002112347617904975
0.00181196371406113
0.0018221301276736225
0.001504744362605528
0.0017886166358115354
0.0020156545376369826
0.0020328866745970664
0.002031046109921325
0.001603240517908928
0.0017443378814362461
0.0018357177616689798
0.0019550247043705936
0.0017761272276573406
0.001843162563084849
0.001699306754508424
0.0018670334645373395
0.001785788640944917
0.0018830750336541946
0.001893603118763228
0.0019951256364778057
0.0020111345345556826
0.0022604851122206933
0.0018752238669872314
0.001961744514591983
0.0021291036576246147
0.0015563950868631765
0.0016393645316543609
0.0019740010281933834
0.0025043168328206067
0.0020641676303578306
0.0017494334253840972
0.0019109696394257866
0.0018667324989361303
0.0018706171763710514
0.001958992136669518
0.0016836959098141722
0.001970365573237918
0.001711954124500549
0.0021017816815426848
0.0018194856539865511
0.001858691565328077
0.0021940135304008243
0.001704552808446973
0.0017559637657538734
0.0016700735085378208
0.0022486979852643363
0.0019664681754595456
0.0018629396167987907
0.0017305555013415782
0.0024579957664277252
0.001987779652060232
0.0019298294979289124
0.002197703447784312
0.0017718685060455605
0.0020931919406728004
0.0020637310755423017
0.0016988705718965766
0.0019075625251474227
0.0018389535908640024
0.0018757795242223764
0.001970841298948491
0.002097575948161953
0.0019293083688636204
0.0020328883859126994
0.0020154776746665556
0.001981334539087823
0.001976422068666349
0.002320140640036273
0.0018655015600885928
0.002185451332797925
0.0017455700760425706
0.0019276499699214247
0.002066942748476078
0.0020027708137039944
0.0018030056438137793
0.0016494278011071884
0.0016280570495132364
0.001988650839833064
0.0024149497936871408
0.0025393823427223377
0.0018803917147030087
0.00197372567002612
0.0022641067414988195
0.001812500929591511
0.0021048831576539616
0.00166735898199076
0.0020852504313171065
0.002050832325007955
0.0020340724956757305
0.0020554639534268314
0.0019094311525002872
0.0018582953724106807
0.0017168884647092465
0.0016304258456740412
0.0018997259682308784
0.0019866457917965307
0.0018055161639207074
0.002313261360878194
0.001990395366108566
0.0016794496188640405
0.001883780754455395
0.002328316552773954
0.0020328189602503966
0.0019388382294822258
0.0018657032241039422
0.0020226634522670676
0.001814506689358138
0.001803032816412116
0.0019388918383767173
0.0020039080315634567
0.0017567171305322286
0.0018452904925249146
0.0020055085204252424
0.0016787276946787922
0.0018053035002388454
0.0019315095169291534
0.0020275062298234516
0.002032528933404185
0.0019116300378283564
0.0022248816060832077
0.0018550877687378072
0.0019368684774582845
0.001925437072663553
0.0018121613464658528
0.0018768199600242017
0.0015597218565308092
0.00209451574516554
0.0020629585161260427
0.0019511724419201668
0.00207184180502962
0.0022691641821461573
0.001766778070444655
0.001720291117543019
0.001647244955708313
0.0016412312357488616
0.0018364474156752734
0.0021282811253655397
0.0022768124080939033
0.001989715089169412
0.001628916507318488
0.0018656735010255862
0.001747203097971876
0.0018746255137252234
0.0017415107960765434
0.001795049249992588
0.0017969324022121867
0.0017875759617149915
0.001959197398660006
0.0019175184608792588
0.0022495257936859707
0.0017902147529075157
0.002112549193273556
0.001960387460994676
0.0015029589480517699
0.0017267944440772878
0.001968583769162033
0.001839327238051724
0.0020558435822575754
0.001977147188006689
0.0019463182768025707
0.0016530470358967105
0.0018274915472290029
0.0023405850959656253
0.0019643138597349665
0.0019088746021248973
0.0016586396776262855
0.0017916247518357927
0.0018932075828613298
0.0019059353277264166
0.002087875330338226
0.002084445620275905
0.0019335028973384361
0.00169706253456292
0.0019601390351588876
0.0020067823727638458
0.0020875449061813936
0.0018891590299014423
0.0019411268377982095
0.002105516623481565
0.0019881894882853076
0.0021083655466580457
0.001890925301847653
0.001993719020784185
0.0017192616072521426
0.002270571601940891
0.0019391484769395691
0.0016996045349717422
0.002093931768367835
0.002229613664671673
0.0017664444934072279
0.0016778787688181164
0.0018743545096718266
0.0018389055322313454
0.0017820176643345133
0.001955236571409794
0.0019347363760049336
0.001906646968014298
0.0021641438153852865
0.0019560568419604773
0.002034033746940027
0.0017752327980400686
0.0019201986227189516
0.0017817103120528026
0.0018843149279883756
0.0017429498611421378
0.0016465321348522806
0.0020028175144985653
0.0017006994909059537
0.0018945703655828515
0.001887157544578239
0.0019200900988170417
0.0018806789459184343
0.002027309447649663
0.0017418321892351955
0.0020261914150435916
0.0017719800583214345
0.0019940490605361272
0.0018195355873894348
0.0019799416219006593
0.0020427193555778724
0.0018914604548239933
0.0020184531547505834
0.0016506220170377677
0.002067132663801594
0.001920533418758029
0.0020851439776374894
0.001979823580212259
0.0017625299706331727
0.0019336590591585165
0.0017319197207416002
0.0019552079549356336
0.0016046755844139457
0.0019319064866429078
0.001957903203946083
0.0017634037757408324
0.0019518440290468687
0.0020806458903897844
0.0015231502288776983
0.0020662672385273833
0.0018347725713130521
0.0018624389408516738
0.001752890780815706
0.001875506323393088
0.0018551186284514994
0.0021216707049151167
0.0018524931367459986
0.002343746078974344
0.0018137789177546425
0.001951519221201971
0.002161830868181685
0.001819663172969846
0.0018742904232126967
0.001970509422574342
0.001811144559586251
0.0019562250220414167
0.0020353853608397624
0.0019242729765672976
0.0018788173409446949
0.0016861450384151
0.002393325853829645
0.0017003535559901226
0.001816987854515318
0.001912217662893972
0.0017723013732829323
0.001916489702463629
0.001909515653345227
0.001537204174411841
0.0020451293857674403
0.0020300376857949024
0.002086831976849021
0.0021922630561455837
0.0023121919566020596
0.0017592214396419195
0.00199106628537911
0.001855144496145403
0.001976474570814017
0.0018749375743503777
0.0021423669941593167
0.002095085850907536
0.0021792550954507204
0.0018973429544325376
0.0020254805183321004
0.001736592236516436
0.0019721758786552137
0.0021750733146725146
0.002089536839087803
0.0020202490856787293
0.0016995406843915044
0.0019853616438531584
0.0022808588924649958
0.0019820672543441015
0.002163466207177832
0.0018439684534952172
0.002445534466939522
0.00212623974289048
0.002341231262968475
0.0019556311658838216
0.0019929028773695958
0.0022545877961533964
0.0021754263560285637
0.0016972991346077436
0.0018276383742663238
0.0018166978579259435
0.0020058553948286042
0.002038351701321237
0.0021242504037756954
0.002234173871022437
0.0017800935244923698
0.0021625614685727166
0.0018571057192729027
0.002299049554306202
0.0024784573817707442
0.0016155845267985921
0.0018732388546969841
0.0019069133010165894
0.001880257352394513
0.002275170051649935
0.001757913181778158
0.0018725021809940499
0.0021438386634364454
0.0019667921359050634
0.001868786764791387
0.0022310869678175563
0.002071314701685147
0.002099341716665423
0.0023120375249046834
0.0022211792105656125
0.0019893111315236757
0.0020692842320145263
0.001998784949638268
0.0021369908766163998
0.0019585304562845605
0.0019520350142787043
0.0020024292378016755
0.001554736323114122
0.001738181957777697
0.0019765306891911263
0.002174419013863688
0.0019059849324948941
0.0020614325330492764
0.002314300597429943
0.0029650871455102713
0.0020112736669395063
0.0019336679316682359
0.002289120451163828
0.0017572242275368962
0.002222875581516406
0.002022879164860818
0.0022221210446321596
0.001805526904683697
0.002131647987049234
0.0025397425990412777
0.0021770053357925384
0.0018590896964116822
0.002390253102797361
0.0014463923592463006
0.002137453070168307
0.0021328446548559785
0.0021439279077618448
0.002337456620088919
0.0023995009394701286
0.0027213646442699854
0.002483987262875374
0.0018961426563639738
0.001742099143148438
0.002095184467689579
0.0018772932276586237
0.0017230349695789196
0.0023487578995018193
0.0020414622601737154
0.0019661293540540305
0.0022725973921729533
0.0024025084662935015
0.0020253599002462426
0.0019543958311575658
0.002166832634459315
0.00200004739493412
0.002247914640234063
0.0019583292825524367
0.0025145716532737478
0.002131039853503576
0.0018422936297587333
0.002053069449931571
0.001871459353997623
0.0016094481863550684
0.0020767170713007353
0.0018079398147694198
0.001670255863730974
0.001888888154800416
0.001876332882846621
0.00196059004175425
0.0022268030393746635
0.0017008721836657865
0.0018128303797828745
0.0020825456411155932
0.0021448044804224685
0.0018126430420989683
0.002170461213674301
0.002115644352801299
0.001959667550712359
0.0017488590573757842
0.002137241590117577
0.0025118106359113077
0.0021769910903008142
0.001712580731940129
0.002093703709292606
0.002203894777761612
0.0018142981920147546
0.0021126340149120663
0.00196573470111686
0.002080599857529797
0.0016891604319862119
0.0018642126815601816
0.001918811588884904
0.0017655785442528642
0.001813481141984061
0.002181952757305081
0.002277127621599812
0.0019301872194023536
0.002023657473798456
0.0019154703509862243
0.0018995494145635297
0.001692897686872732
0.0020850732102513287
0.001995514926507488
0.0017810505915438492
0.0018861780545777476
0.0019771942333863405
0.0019166949962184752
0.0017059801686567723
0.00231201478651531
0.0019147753065381545
0.0021688063496744735
0.0021431108342265435
0.002289331568246815
0.0021850535962941535
0.002288554237447091
0.0023948470658375996
0.0018782982620735124
0.0021199916275397046
0.0023526189221658718
0.0022183783238551155
0.0022920191583661784
0.0020635554910865407
0.0021152184231845264
0.001904942139854141
0.0023016919356054167
0.001959364098373354
0.0019555646463086706
0.002327114949591638
0.0020326278346219978
0.001906354146801503
0.00237333481524963
0.0018422741663418622
0.0021057105310302634
0.002151008658639575
0.0018942376952332531
0.0019253227584526383
0.0021529832059962585
0.0021725071656354357
0.0021574300108515585
0.0021870755761138664
0.0018523863772800658
0.0018110341918940267
0.0019544294575159606
0.0018601102755264455
0.002254279250947248
0.0019337654823607013
0.0019147349171262532
0.00202084465763354
0.0021040187780037626
0.0018633203567269524
0.0019615862144378524
0.0022966620501833016
0.002209370515945636
0.002011056691588093
0.0019593986874867912
0.0015806821377374312
0.0022091719484442426
0.0022256686177788056
0.002112020814966097
0.002263804868984045
0.0017684279707058561
0.0017181717590959837
0.0022934503242686673
0.0023042829060352524
0.0020714320262221384
0.0022243147210636366
0.0017506782481122034
0.001814669814310551
0.0018141755841965094
0.0018891052466839967
0.0019486892181850102
0.002024740448983825
0.0023979656892455623
0.0022585149873667752
0.0017833936019936586
0.0015725026321399655
0.0017813090619769607
0.002156865649146224
0.0024646420923042007
0.0020243136272076277
0.001947571634610992
0.001811822204397157
0.001909895814130184
0.002020645250084559
0.0018200596713753485
0.0018808070628176705
0.0020481853992003226
0.0018332470195171076
0.0017733702528982518
0.002317712934246213
0.0019681311372564433
0.0016284308873944198
0.0020780101578635564
0.0020944095936687693
0.001971085062803136
0.0019265152229570462
0.001917121693458922
0.0018008902361916013
0.0018973675858577309
0.0018410737431023116
0.002114439191405343
0.0018877404309420478
0.0021163038551674693
0.002137843149320255
0.00245362025188227
0.002246845223476315
0.0019169179575944867
0.00191209406704241
0.0021151148244367393
0.0023155450008917554
0.0017628790423299203
0.0019080853046096384
0.002012789849201924
0.002273430263907336
0.0022723294120889454
0.0018468578276321888
0.001937916631057577
0.001955236081763994
0.0018356647686992263
0.0020861140335145818
0.0018710897135864226
0.0019208776483544876
0.0018463243549072057
0.0017931175008396825
0.002132344225808766
0.002418946452164811
0.0016732462470447594
0.0023894027134800863
0.0019050386668351055
0.00186766258981365
0.0019633888270650084
0.0019405541151480362
0.0017569570244144244
0.0023719193436391567
0.001672208701658433
0.001949702544854387
0.0014415272655851556
0.001869874517931019
0.00209925863121625
0.0017804725386706178
0.0019773318068630565
0.0018041112639217267
0.0017910154223572791
0.0020319726870499507
0.0017590414242051426
0.0020314810593272574
0.0018587879812849834
0.0018973371906450362
0.0018412042876381287
0.0018387178454511266
0.00215284507839003
0.001923945233850724
0.0022228755585961255
0.0020608622325819126
0.0017250696937343589
0.0021448222528823446
0.0020605337173268154
0.002160028763328378
0.0022795803463334274
0.002033153045366425
0.001963087493743795
0.002151877451055254
0.0020208235794571343
0.0022355672645990514
0.0020489859485461922
0.001989647942694854
0.0020617419253667383
0.0023087561092114063
0.002079714500487039
0.0019610251147060003
0.0019703975657896626
0.002220683420086057
0.0023852197598638785
0.0021931369492632627
0.002214543032579838
0.001912464889104594
0.0020857794374621254
0.0017696381776211808
0.0021020119389694447
0.0020481359088901896
0.0019135091664722432
0.0016741631931744643
0.0019437152847739145
0.0022817620347728444
0.0023980431178573084
0.0018735702112068799
0.001940044497901216
0.0020303856568058215
0.0020063208430303506
0.0022279829585981764
0.001982216425653235
0.0017999565454177868
0.0016704754349526005
0.0018054801273063444
0.0020152076946686383
0.0020305800066721977
0.0019921280849840043
0.0018294001512222419
0.0022222436645200974
0.001975139503899921
0.0017589166392539103
0.002060904035513608
0.0022842190768496678
0.0022315878276169526
0.0020006740786288548
0.0020737157151876693
0.0018671836779331691
0.0020573426687786034
0.0021524012744071883
0.0019389151801432426
0.0023254950983870306
0.001964618764809227
0.0018867685918178478
0.0022811396786111644
0.0021882391819801
0.0018789001236632704
0.0019393319310750318
0.001862754166218074
0.0021580317249776386
0.0021350548200113175
0.001583999286134178
0.002210697879919168
0.0017969281851615516
0.0022555093207121727
0.002260532989181629
0.0020545284612537257
0.002086687687887286
0.001952382164945317
0.0022238537466559983
0.0023284063217413396
0.0022380397840858286
0.001745858236507246
0.002083080186075114
0.001960077461535264
0.001994958259029253
0.0022730464093080813
0.0021912569906992934
0.002461570155946486
0.0018574225873548955
0.0018394864866316254
0.0019801285683144513
0.00229947413708037
0.0017888014378341583
0.002434295499658889
0.0022130792149483844
0.0022417980301005285
0.0021501513353789476
0.0019064645058155273
0.0019089652146584187
0.0019971914402137406
0.001857116680113286
0.002049616775102294
0.0019169199428377714
0.0017463727856825487
0.0017812892715100218
0.0019281865022357054
0.0016770262663534806
0.0017286578208907325
0.002117812049438625
0.001952830424481331
0.002194956091657005
0.001939998917388781
0.00190203162003321
0.002188632253471674
0.0022942349584086086
0.002124832171414073
0.0021786770429730725
0.0019996059423694635
0.001797228926127328
0.0018879456645330204
0.0020278876077058946
0.002125619340419872
0.0022954900530179415
0.0019749230392261835
0.0019264877068601016
0.001991153197003953
0.002374301555725288
0.002119784687154146
0.0022335077392366632
0.00188499016551874
0.00233031556200678
0.002235053568014787
0.001569709642134606
0.0020782318389036074
0.002084279723364476
0.002192498363477705
0.0018512378322595696
0.0017233020737258992
0.0022824115882382973
0.0020498256288332133
0.002096529463093515
0.0019862134577741395
0.002070108150225543
0.0019648705023676497
0.0020735581243746417
0.0021996276297549175
0.0019115668012737686
0.0019455030039955891
0.0017073153921399549
0.0018710310311060214
0.001930511309548469
0.001786806520004128
0.002207041948926314
0.0020749655041767145
0.0021926512042436397
0.0017330115256069477
0.0018015411673883426
0.0017939707200444262
0.0020856967392110914
0.0021550861924952928
0.0019564742759349716
0.0016656530265290773
0.0022508885917318423
0.001994717415964833
0.0018967406168839873
0.0023448414559338795
0.0020070556749571568
0.0020486642294063042
0.0016678938848436733
0.002103624547385045
0.0023256252350781796
0.0017802219368936885
0.0018783336869916951
0.002001817671242396
0.00195718322697546
0.002028287008648617
0.0020592253102003862
0.0016990107998851997
0.001981023131773674
0.0020233145724317552
0.0019726131124829746
0.001779160406992696
0.001842646713829999
0.0017519732569003345
0.0019357866528837723
0.0019719580830403296
0.001963967865652814
0.0019306881289300865
0.0024536251799645303
0.001917960882299182
0.0018239361618982634
0.0017763810527556428
0.0021180533911835803
0.0025457051782834484
0.0018610237078869254
0.0024266333539548473
0.0026995458632226967
0.0016466255773572923
0.0017753962597227247
0.0025371244448925945
0.001926880005058686
0.001972163477801165
0.0019575881793154845
0.0019745096759642253
0.002060214977431019
0.00239435468526339
0.0021630944892633563
0.0021119427049419793
0.0017452101839196355
0.0020648042691083024
0.0022510757113018234
0.002435361764351207
0.0018067312064591807
0.002070188550540808
0.0022986188607782565
0.0021885612769919657
0.0022209696099459906
0.0017147087150213055
0.0021462271430641427
0.002160570582587519
0.002156688245259011
0.001915832195967314
0.002265745131537275
0.002048889896544798
0.0020384547998576227
0.0020553650445943495
0.002242849962367977
0.0020317279336263187
0.0018313158563472514
0.002260786666563799
0.0022869537787966604
0.001955422475102051
0.002618299342621864
0.0021484353299038813
0.0022624750018892916
0.0022139509001757327
0.0020587991556782186
0.0020616423457245547
0.0021168049167752507
0.001992981358771866
0.0019262301659534523
0.0021982699577104544
0.0019019286606832071
0.0021777266572851534
0.00204549670552368
0.002162514155918437
0.0019703963511493185
0.0017604049736732286
0.00218640476755637
0.0022157473665833263
0.002077054731455376
0.0020742041270394736
0.0018960708957958883
0.001868226288653066
0.0018859212032462174
0.0020454221777901115
0.0017896367549368908
0.0019026672848484
0.0020561810928127907
0.0016263959082016667
0.002027479050809942
0.0018345364775063122
0.0019322845761266313
0.001924600400226422
0.0022444166857973707
0.0019739583307666277
0.0017736469882700253
0.0021656992937221396
0.0024315332878045723
0.0026455597791861228
0.0020942893446971047
0.0021779694407240537
0.001787719009905245
0.0019116599617829875
0.0017594280539272149
0.002188477708618344
0.0021719961438042604
0.0020801826448055743
0.0020265531775905433
0.002101284646090807
0.002158116942178384
0.002123459004210403
0.002170286974006903
0.001991047164907081
0.0019297672789206786
0.0016744626146430268
0.00199183338595866
0.0023209410182815997
0.001999914015346228
0.0021584874764861827
0.0018695340269428158
0.002291244905920632
0.002119055629076399
0.0025083349206722074
0.0015926007285211325
0.0016067868865543519
0.0018847867563702525
0.0020845357753691914
0.0016861675885573892
0.0019447700663645874
0.001644252077386722
0.0018208977981227635
0.0019565478583325464
0.0019268503303598308
0.0022060426782040577
0.0019364145838983696
0.00199731613018221
0.0018855333013259288
0.002105924830310046
0.0018818883237935167
0.0018655494559902447
0.0022417704858471504
0.0018315956146429458
0.0022140288581832326
0.0019185213135969634
0.002072505699681771
0.0023830973279313447
0.0019503416867188814
0.0018417568202402676
0.0020454035839900515
0.00209610611444988
0.0021392874825545373
0.0021012889396573326
0.0022008302480744585
0.0017664505768383363
0.0016490796818474248
0.002057723974354663
0.0023137697851406346
0.0021167720999765737
0.0021699580943688236
0.0019978031401001223
0.0016517327415286047
0.0017190308982342705
0.0017921578183110421
0.001996553483568273
0.001687070477221915
0.001875552505463718
0.001647881612999783
0.001720217797765818
0.002180646246131848
0.0018986507972266792
0.0021496661154608923
0.002000001233059049
0.0020906256906500736
0.001975209254237072
0.0022271117830906756
0.0022642216294233753
0.002230447361347515
0.0020131495875162133
0.0018185025084376083
0.0017605143766192754
0.0019872072440596123
0.002056017797868909
0.0022383053771755715
0.0021667655981240266
0.0017326069142585743
0.0020373744855457037
0.0020751356526162766
0.0021161053339435036
0.002468092347617194
0.0019336918572243633
0.001846752999361566
0.0019387444676760696
0.0017832106850944134
0.0020790524478285955
0.002151048620271417
0.002027049522076133
0.0017576073885552143
0.002015757005654249
0.001829182417499132
0.0018217275103294974
0.001856724393275701
0.0018466721114010888
0.0023030832664707943
0.002086235983073999
0.002059963600378786
0.0018438299469164142
0.0024346894435114752
0.001975468045526445
0.0021744339791186103
0.0024206945932006498
0.0019115944007654993
0.0018718409678803237
0.0020081021312887705
0.0020292440468166837
0.0023483774958824744
0.001976674274214447
0.0023397975456009514
0.0018615818780195763
0.0018293102591365313
0.002018360171982293
0.0018673874727444706
0.00214201491910109
0.002029991647704014
0.0022476670731978792
0.0021163708531732254
0.0018580972197386652
0.002057277217552573
0.001882020507087042
0.0021236622423862856
0.0018864551257772462
0.002093957468614828
0.002031614930507593
0.0019564459358063957
0.002015198930080915
0.0019563212700921973
0.0017791315535541842
0.001916923375256584
0.0019190876981174815
0.0023150896746539037
0.0021687066304341518
0.0025575257964865882
0.0018738796483337963
0.001713773535379417
0.002110050588334097
0.0020418643569441687
0.0018487056718438923
0.001931752573294878
0.0021067184713047258
0.0017913593987236068
0.0021375084177116554
0.0019375924098901166
0.0018626584457834328
0.001740814228839533
0.002155251196842257
0.001887049691079214
0.0026350165443556153
0.00184218139073371
0.0018652246189738914
0.0021570780306751376
0.002052311417394478
0.001852633549563497
0.001990674997338207
0.0019624200585048957
0.0019404133715593347
0.0023434769090143097
0.00197754797343329
0.00209187219940644
0.001991890403159555
0.0019600684465065936
0.002608256920045427
0.0019270513113809591
0.001916442670602938
0.0021078836040673166
0.001974635598738929
0.00171302659926768
0.0018450721435386193
0.0019726857987446655
0.0020721138459316945
0.0020782945732715193
0.002071939659827035
0.002075181069984695
0.002194641139969811
0.0021858261620723686
0.001875065351056433
0.0023487533331980684
0.0018730857250795175
0.001934590109631735
0.002238149142262467
0.0024804537465416294
0.002099791134840686
0.0021522252238768006
0.0019092991135171297
0.002203787735014141
0.0022060756968757906
0.0021451739604409254
0.0020331052126759726
0.001776646324200061
0.001821864091756577
0.001985914803886392
0.0022305017371494497
0.0018004679886497207
0.001625920885673657
0.0022696780586578215
0.0022737903971925513
0.002085625823675061
0.0021846031757126955
0.0018755489822198904
0.0021026292794515803
0.0017876148577965073
0.0016231210691790828
0.0019169177808157749
0.0021177956095112236
0.0022196482016768465
0.0023773400474492463
0.0023504180430404197
0.001995069446927562
0.0019900559336244548
0.0020449603802501722
0.0020971264194647988
0.0021161921703921984
0.002098136629871059
0.0019006488801494514
0.002395751759442709
0.0019963771239027836
0.0017690202659893714
0.0019352017396266617
0.0020742371581677064
0.0019017174060679464
0.0021265380542566095
0.0017923680297551928
0.0024071509310040437
0.0020825665782367203
0.0021086943229232857
0.0017122599010119509
0.0021303192028393216
0.0016037562154830884
0.0020370918874520064
0.002154753117302323
0.001757277584049601
0.0022215152306953837
0.001784849976491123
0.0017316020185689394
0.0018902272080939782
0.0020926510432542154
0.0027036974661799403
0.0025414386028960903
0.0020448391176226027
0.002090457155417703
0.0017427213129219275
0.002309260450420627
0.002169125900328523
0.002235924983247775
0.002020628411649622
0.00206999728796143
0.002011900921067062
0.002236109862780627
0.0018198481574736797
0.002187722413782248
0.0021581953500768264
0.0019523019796931136
0.001963099601469873
0.002132880358488169
0.0019659335512728178
0.0018316541450924492
0.0018241028479052443
0.002347096475403646
0.001830282664328606
0.0021251559787630373
0.001955866221430977
0.001942209743380811
0.0017532903102821774
0.0018467295071491277
0.0022481764366687656
0.0021000788423515353
0.002148235288325667
0.002020036579749161
0.0021085802304794286
0.001825520482571942
0.0020929170079217866
0.001838031649028838
0.0018872339006077246
0.0020572772106285503
0.0020227935503675703
0.0022090466173796813
0.0020851014494133475
0.0018672312356095159
0.0018649777206377167
0.0019692191131221873
0.002308638223987076
0.0018021031283805909
0.00208389335455384
0.001858379979117202
0.0019484969112166122
0.0019981682173087485
0.0021586943762946565
0.0018717045311481652
0.0018162157880448726
0.0022831657813093707
0.0018202732575813112
0.0018623945296546351
0.002253621762416683
0.002080525765113369
0.002150253949408288
0.0017086042634790269
0.002463063003745344
0.00198569623806111
0.002325488568277785
0.0019587303274439384
0.0023054161014273798
0.001839970710096655
0.0021224900641807864
0.0017003663363058142
0.0019831321103034997
0.0018340407786442273
0.001863075815518006
0.0018639867877094211
