0.0004520795660036166
0.001567398119122257
0.001567398119122257
0.0016129032258064516
0.0016129032258064516
0.0016233766233766235
0.0016286644951140066
0.0017301038062283738
0.0017301038062283738
0.0017301038062283738
0.0017301038062283738
0.0017301038062283738
0.0017301038062283738
0.0017301038062283738
0.0017301038062283738
0.0017301038062283738
0.0017543859649122807
0.0017543859649122807
0.0017543859649122807
0.0017543859649122807
0.0017605633802816902
0.0017605633802816902
0.0017605633802816902
0.0017793594306049821
0.0017793594306049821
0.0017793594306049821
0.0018181818181818182
0.0018181818181818182
0.0018181818181818182
0.0018181818181818182
0.0018181818181818182
0.0018315018315018315
0.0019083969465648854
0.0019230769230769232
0.0019230769230769232
0.0019230769230769232
0.0019230769230769232
0.0019230769230769232
0.0019230769230769232
0.0019230769230769232
0.0019230769230769232
0.0019230769230769232
0.0019230769230769232
0.0019230769230769232
0.0019230769230769232
0.001984126984126984
0.001984126984126984
0.001984126984126984
0.001984126984126984
0.001984126984126984
0.001984126984126984
0.001984126984126984
0.001984126984126984
0.001984126984126984
0.001984126984126984
0.001984126984126984
0.001984126984126984
0.001984126984126984
0.00199203187250996
0.00199203187250996
0.00199203187250996
0.00199203187250996
0.00199203187250996
0.00199203187250996
0.00199203187250996
0.002008032128514056
0.002008032128514056
0.002008032128514056
0.002008032128514056
0.002008032128514056
0.002008032128514056
0.002008032128514056
0.002008032128514056
0.002008032128514056
0.002008032128514056
0.002008032128514056
0.002008032128514056
0.0020408163265306124
0.0020408163265306124
0.0020408163265306124
0.0020408163265306124
0.0020408163265306124
0.0020408163265306124
0.0020408163265306124
0.0020408163265306124
0.0020408163265306124
0.0020408163265306124
0.0020408163265306124
0.0020408163265306124
0.0020408163265306124
0.0020408163265306124
0.0020408163265306124
0.0020408163265306124
0.0020408163265306124
0.0020408163265306124
0.0020408163265306124
0.0020408163265306124
0.0020491803278688526
0.0020491803278688526
0.0020491803278688526
0.0020491803278688526
0.0020491803278688526
0.0020491803278688526
0.0020491803278688526
0.0020491803278688526
0.0020491803278688526
0.002066115702479339
0.002066115702479339
0.002066115702479339
0.002066115702479339
0.002066115702479339
0.002066115702479339
0.002066115702479339
0.002066115702479339
0.002066115702479339
0.002066115702479339
0.002066115702479339
0.002066115702479339
0.002066115702479339
0.002066115702479339
0.002066115702479339
0.002066115702479339
0.002066115702479339
0.002066115702479339
0.002066115702479339
0.002066115702479339
0.0020920502092050207
0.0020920502092050207
0.0020920502092050207
0.0020920502092050207
0.0020920502092050207
0.0020920502092050207
0.0020920502092050207
0.0020920502092050207
0.0020920502092050207
0.0020920502092050207
0.0020920502092050207
0.0020920502092050207
0.0020920502092050207
0.0020920502092050207
0.0020920502092050207
0.0020920502092050207
0.0020920502092050207
0.0020920502092050207
0.0020920502092050207
0.0020920502092050207
0.0020920502092050207
0.0020920502092050207
0.0020920502092050207
0.0020920502092050207
0.0021008403361344537
0.0021008403361344537
0.0021008403361344537
0.0021008403361344537
0.0021008403361344537
0.0021008403361344537
0.0021008403361344537
0.0021008403361344537
0.0021008403361344537
0.0021008403361344537
0.0021008403361344537
0.0021008403361344537
0.0021008403361344537
0.0021008403361344537
0.0021008403361344537
0.0021008403361344537
0.0021008403361344537
0.0021008403361344537
0.0021008403361344537
0.0021008403361344537
0.0021008403361344537
0.0021008403361344537
0.0021008403361344537
0.0021008403361344537
0.0021008403361344537
0.0021008403361344537
0.0021008403361344537
0.0021008403361344537
0.002127659574468085
0.002127659574468085
0.002127659574468085
0.002127659574468085
0.002127659574468085
0.002127659574468085
0.002127659574468085
0.002127659574468085
0.002127659574468085
0.002127659574468085
0.002127659574468085
0.002127659574468085
0.002127659574468085
0.002127659574468085
0.002127659574468085
0.002127659574468085
0.002127659574468085
0.002127659574468085
0.002127659574468085
0.002127659574468085
0.002127659574468085
0.002127659574468085
0.002127659574468085
0.002127659574468085
0.002127659574468085
0.002127659574468085
0.002127659574468085
0.002127659574468085
0.002127659574468085
0.002127659574468085
0.002127659574468085
0.002127659574468085
0.002127659574468085
0.002127659574468085
0.002127659574468085
0.002127659574468085
0.002127659574468085
0.002127659574468085
0.002127659574468085
0.002127659574468085
0.002127659574468085
0.002127659574468085
0.002127659574468085
0.002127659574468085
0.002127659574468085
0.002127659574468085
0.002127659574468085
0.002127659574468085
0.002127659574468085
0.002127659574468085
0.002127659574468085
0.0021551724137931034
0.0021551724137931034
0.0021551724137931034
0.0021551724137931034
0.0021551724137931034
0.0021551724137931034
0.0021551724137931034
0.0021551724137931034
0.0021551724137931034
0.0021551724137931034
0.0021551724137931034
0.0021645021645021645
0.0021645021645021645
0.0021645021645021645
0.0021645021645021645
0.0021645021645021645
0.0021645021645021645
0.0021645021645021645
0.0021645021645021645
0.002173913043478261
0.002173913043478261
0.002173913043478261
0.002173913043478261
0.002173913043478261
0.002173913043478261
0.002183406113537118
0.002183406113537118
0.002183406113537118
0.002183406113537118
0.002183406113537118
0.002183406113537118
0.002183406113537118
0.002183406113537118
0.002183406113537118
0.002183406113537118
0.002183406113537118
0.002183406113537118
0.002183406113537118
0.002183406113537118
0.002183406113537118
0.002183406113537118
0.002183406113537118
0.002183406113537118
0.002183406113537118
0.002183406113537118
0.002183406113537118
0.002183406113537118
0.002183406113537118
0.002183406113537118
0.002183406113537118
0.002183406113537118
0.002183406113537118
0.002183406113537118
0.002183406113537118
0.002183406113537118
0.002183406113537118
0.002183406113537118
0.002183406113537118
0.002183406113537118
0.002183406113537118
0.002183406113537118
0.002183406113537118
0.002183406113537118
0.002183406113537118
0.002183406113537118
0.0021929824561403508
0.0021929824561403508
0.0021929824561403508
0.0021929824561403508
0.0021929824561403508
0.0021929824561403508
0.0021929824561403508
0.0021929824561403508
0.0021929824561403508
0.0021929824561403508
0.0021929824561403508
0.0021929824561403508
0.0021929824561403508
0.0021929824561403508
0.0021929824561403508
0.0021929824561403508
0.0021929824561403508
0.0021929824561403508
0.0021929824561403508
0.0021929824561403508
0.0021929824561403508
0.0021929824561403508
0.0021929824561403508
0.0021929824561403508
0.0021929824561403508
0.0021929824561403508
0.0021929824561403508
0.0021929824561403508
0.0021929824561403508
0.0021929824561403508
0.0021929824561403508
0.0021929824561403508
0.0021929824561403508
0.0021929824561403508
0.0021929824561403508
0.0021929824561403508
0.0021929824561403508
0.0021929824561403508
0.0021929824561403508
0.0021929824561403508
0.0021929824561403508
0.0021929824561403508
0.0021929824561403508
0.0021929824561403508
0.0021929824561403508
0.0021929824561403508
0.0021929824561403508
0.0021929824561403508
0.0021929824561403508
0.0021929824561403508
0.0021929824561403508
0.0021929824561403508
0.0021929824561403508
0.0021929824561403508
0.0021929824561403508
0.0021929824561403508
0.0021929824561403508
0.0021929824561403508
0.0021929824561403508
0.0021929824561403508
0.0021929824561403508
0.0021929824561403508
0.0021929824561403508
0.0021929824561403508
0.0021929824561403508
0.0021929824561403508
0.0021929824561403508
0.0021929824561403508
0.0022727272727272726
0.0022727272727272726
0.0022727272727272726
0.0022727272727272726
0.0022727272727272726
0.0022727272727272726
0.0022727272727272726
0.0022727272727272726
0.0022727272727272726
0.0022727272727272726
0.0022727272727272726
0.0022727272727272726
0.0022727272727272726
0.0022727272727272726
0.0022727272727272726
0.0022727272727272726
0.0022727272727272726
0.0022727272727272726
0.0022727272727272726
0.0022727272727272726
0.0022727272727272726
0.0022727272727272726
0.0022727272727272726
0.0022727272727272726
0.0022727272727272726
0.0022727272727272726
0.0022727272727272726
0.0022727272727272726
0.0022727272727272726
0.0022727272727272726
0.0022727272727272726
0.0022727272727272726
0.0022727272727272726
0.0022727272727272726
0.0022727272727272726
0.0022727272727272726
0.0022727272727272726
0.0022727272727272726
0.0022727272727272726
0.0022727272727272726
0.0022727272727272726
0.0022727272727272726
0.0022727272727272726
0.0022727272727272726
0.0022727272727272726
0.0022727272727272726
0.0022727272727272726
0.0022727272727272726
0.0022727272727272726
0.0022727272727272726
0.0022727272727272726
0.0022727272727272726
0.0022727272727272726
0.0022727272727272726
0.0022727272727272726
0.0022727272727272726
0.0022727272727272726
0.0022727272727272726
0.0022727272727272726
0.0022727272727272726
0.0022727272727272726
0.0022727272727272726
0.0022727272727272726
0.0022727272727272726
0.0022727272727272726
0.0022727272727272726
0.0022727272727272726
0.0022727272727272726
0.0022727272727272726
0.0022727272727272726
0.0022727272727272726
0.0022727272727272726
0.0022727272727272726
0.0022727272727272726
0.0022727272727272726
0.0022727272727272726
0.0022727272727272726
0.0022727272727272726
0.0022727272727272726
0.0022727272727272726
0.0022727272727272726
0.0022727272727272726
0.0022727272727272726
0.0022727272727272726
0.0022727272727272726
0.0022727272727272726
0.0022727272727272726
0.0022727272727272726
0.0022727272727272726
0.0022727272727272726
0.0022727272727272726
0.0022727272727272726
0.0022727272727272726
0.0022727272727272726
0.0022727272727272726
0.0022727272727272726
0.0022727272727272726
0.0022727272727272726
0.0022727272727272726
0.0022727272727272726
0.0022727272727272726
0.0022727272727272726
0.0022727272727272726
0.0022727272727272726
0.0022727272727272726
0.0022727272727272726
0.0022727272727272726
0.0022727272727272726
0.0022727272727272726
0.0022727272727272726
0.0022727272727272726
0.0022727272727272726
0.0022727272727272726
0.0022727272727272726
0.0022727272727272726
0.0022727272727272726
0.0022727272727272726
0.0022727272727272726
0.0022727272727272726
0.0022727272727272726
0.0022727272727272726
0.0022727272727272726
0.0022727272727272726
0.0022727272727272726
0.0022727272727272726
0.0022727272727272726
0.0022727272727272726
0.0022727272727272726
0.0022727272727272726
0.0022727272727272726
0.0022727272727272726
0.0022727272727272726
0.0022727272727272726
0.0022727272727272726
0.0022727272727272726
0.0022727272727272726
0.0022727272727272726
0.0022727272727272726
0.0022727272727272726
0.0022727272727272726
0.0022727272727272726
0.0022727272727272726
0.0022727272727272726
0.0022727272727272726
0.0022727272727272726
0.0022727272727272726
0.0022727272727272726
0.0022727272727272726
0.0022727272727272726
0.0022727272727272726
0.0022727272727272726
0.0022727272727272726
0.0022727272727272726
0.0022727272727272726
0.0022727272727272726
0.0022727272727272726
0.0022727272727272726
0.0022727272727272726
0.0022727272727272726
0.0022727272727272726
0.0022727272727272726
0.0022727272727272726
0.0022727272727272726
0.0022727272727272726
0.0022727272727272726
0.0022727272727272726
0.0022727272727272726
0.0022727272727272726
0.0022727272727272726
0.0022727272727272726
0.0022727272727272726
0.0022727272727272726
0.0022727272727272726
0.0022727272727272726
0.0022727272727272726
0.0023148148148148147
0.0023148148148148147
0.0023148148148148147
0.0023148148148148147
0.0023148148148148147
0.0023148148148148147
0.0023148148148148147
0.0023148148148148147
0.0023148148148148147
0.0023148148148148147
0.0023148148148148147
0.0023148148148148147
0.0023148148148148147
0.0023148148148148147
0.0023148148148148147
0.0023148148148148147
0.0023148148148148147
0.0023148148148148147
0.0023148148148148147
0.0023148148148148147
0.0023148148148148147
0.0023148148148148147
0.0023148148148148147
0.0023148148148148147
0.0023148148148148147
0.0023148148148148147
0.0023148148148148147
0.0023148148148148147
0.0023148148148148147
0.0023148148148148147
0.0023148148148148147
0.0023148148148148147
0.0023148148148148147
0.0023148148148148147
0.0023148148148148147
0.0023148148148148147
0.0023148148148148147
0.0023148148148148147
0.0026595744680851063
0.002793296089385475
0.002793296089385475
0.002793296089385475
0.002793296089385475
0.002793296089385475
0.002793296089385475
0.002793296089385475
0.002793296089385475
0.002793296089385475
0.002793296089385475
0.002793296089385475
0.002793296089385475
0.002793296089385475
0.002793296089385475
0.002793296089385475
0.002793296089385475
0.002793296089385475
0.002793296089385475
0.002793296089385475
0.002793296089385475
0.002793296089385475
0.002793296089385475
0.002793296089385475
0.002793296089385475
0.002793296089385475
0.002793296089385475
0.002793296089385475
0.002793296089385475
0.002793296089385475
0.002793296089385475
0.002793296089385475
0.002793296089385475
0.002793296089385475
0.002793296089385475
0.002793296089385475
0.002793296089385475
0.002793296089385475
0.002793296089385475
0.002793296089385475
0.002793296089385475
0.002793296089385475
0.002793296089385475
0.002793296089385475
0.002793296089385475
0.002793296089385475
0.002793296089385475
0.002793296089385475
0.002793296089385475
0.002793296089385475
0.002793296089385475
0.002793296089385475
0.002793296089385475
0.002793296089385475
0.002793296089385475
0.002857142857142857
0.002857142857142857
0.002857142857142857
0.002857142857142857
0.002857142857142857
0.002857142857142857
0.002857142857142857
0.002857142857142857
0.002857142857142857
0.002857142857142857
0.002857142857142857
0.002857142857142857
0.002857142857142857
0.002857142857142857
0.002857142857142857
0.002857142857142857
0.002857142857142857
0.002857142857142857
0.002857142857142857
0.002857142857142857
0.002857142857142857
0.002857142857142857
0.002857142857142857
0.002857142857142857
0.002857142857142857
0.002857142857142857
0.002857142857142857
0.002857142857142857
0.002857142857142857
0.002857142857142857
0.002857142857142857
0.002857142857142857
0.002857142857142857
0.002857142857142857
0.002857142857142857
0.002857142857142857
0.002857142857142857
0.002857142857142857
0.002857142857142857
0.002857142857142857
0.002857142857142857
0.002857142857142857
0.002857142857142857
0.002857142857142857
0.002857142857142857
0.002857142857142857
0.002857142857142857
0.002857142857142857
0.002857142857142857
0.002857142857142857
0.002857142857142857
0.002857142857142857
0.002857142857142857
0.002857142857142857
0.002857142857142857
0.002857142857142857
0.002857142857142857
0.002857142857142857
0.002857142857142857
0.002857142857142857
0.002857142857142857
0.002857142857142857
0.002857142857142857
0.002857142857142857
0.002857142857142857
0.002857142857142857
0.002857142857142857
0.002857142857142857
0.002857142857142857
0.002857142857142857
0.002857142857142857
0.002857142857142857
0.002857142857142857
0.002857142857142857
0.002857142857142857
0.002857142857142857
0.002857142857142857
0.002857142857142857
0.002857142857142857
0.002857142857142857
0.002857142857142857
0.002857142857142857
0.002857142857142857
0.002857142857142857
0.002857142857142857
0.002857142857142857
0.002857142857142857
0.002857142857142857
0.002857142857142857
0.002857142857142857
0.002857142857142857
0.002857142857142857
0.002857142857142857
0.002857142857142857
0.002857142857142857
0.002857142857142857
0.002857142857142857
0.002857142857142857
0.002857142857142857
0.002857142857142857
0.002857142857142857
0.002857142857142857
0.002857142857142857
0.002857142857142857
0.002857142857142857
0.002857142857142857
0.002857142857142857
0.002857142857142857
0.002857142857142857
0.002857142857142857
0.002857142857142857
0.002857142857142857
0.002857142857142857
0.002857142857142857
0.002857142857142857
0.002857142857142857
0.002857142857142857
0.002857142857142857
0.0029239766081871343
0.0029239766081871343
0.0029239766081871343
0.0029239766081871343
0.0029239766081871343
0.0029239766081871343
0.0029239766081871343
0.0029239766081871343
0.0029239766081871343
0.0029239766081871343
0.0029239766081871343
0.0029239766081871343
0.0029239766081871343
0.0029239766081871343
0.0029239766081871343
0.0029239766081871343
0.0029239766081871343
0.0029239766081871343
0.0029239766081871343
0.0029239766081871343
0.0029239766081871343
0.0029239766081871343
0.0029239766081871343
0.0029239766081871343
0.0029239766081871343
0.0029239766081871343
0.0029239766081871343
0.0029239766081871343
0.0029239766081871343
0.0029239766081871343
0.0029239766081871343
0.0029239766081871343
0.0029239766081871343
0.0029239766081871343
0.0029239766081871343
0.0029239766081871343
0.0029239766081871343
0.0029239766081871343
0.0029239766081871343
0.0029239766081871343
0.0029239766081871343
0.0029239766081871343
0.0029239766081871343
0.0029239766081871343
0.0029239766081871343
0.0029239766081871343
0.0029239766081871343
0.0029239766081871343
0.0029239766081871343
0.0029239766081871343
0.0029239766081871343
0.0029239766081871343
0.0029239766081871343
0.0029239766081871343
0.0029239766081871343
0.0029239766081871343
0.0029239766081871343
0.0029239766081871343
0.0029239766081871343
0.0029239766081871343
0.0029239766081871343
0.0029239766081871343
0.0029239766081871343
0.0029239766081871343
0.0029239766081871343
0.0029239766081871343
0.0029239766081871343
0.0029239766081871343
0.0029239766081871343
0.0029239766081871343
0.0029239766081871343
0.0029239766081871343
0.0029239766081871343
0.0029239766081871343
0.0029239766081871343
0.0029239766081871343
0.0029239766081871343
0.0029239766081871343
0.0029239766081871343
0.0029239766081871343
0.0029239766081871343
0.0029239766081871343
0.0029239766081871343
0.0029239766081871343
0.0029239766081871343
0.0029239766081871343
0.0029239766081871343
0.0029239766081871343
0.0029239766081871343
0.0029239766081871343
0.0029239766081871343
0.0029239766081871343
0.0029239766081871343
0.0029239766081871343
0.0029239766081871343
0.0029239766081871343
0.0029239766081871343
0.0029239766081871343
0.0029239766081871343
0.0029239766081871343
0.0029239766081871343
0.0029239766081871343
0.0029239766081871343
0.0029239766081871343
0.0029239766081871343
0.0029239766081871343
0.0029239766081871343
0.0029239766081871343
0.0029239766081871343
0.0029239766081871343
0.0029239766081871343
0.0029239766081871343
0.0029411764705882353
0.0029411764705882353
0.0029411764705882353
0.0029411764705882353
0.0029411764705882353
0.0029411764705882353
0.0029411764705882353
0.0029411764705882353
0.0029411764705882353
0.0029411764705882353
0.0029411764705882353
0.0029411764705882353
0.0029411764705882353
0.0029411764705882353
0.0029411764705882353
0.0029411764705882353
0.0029411764705882353
0.0029411764705882353
0.0029411764705882353
0.0029411764705882353
0.0029411764705882353
0.0029411764705882353
0.002976190476190476
0.002976190476190476
0.002976190476190476
0.002976190476190476
0.002976190476190476
0.002976190476190476
0.002976190476190476
0.002976190476190476
0.002976190476190476
0.002976190476190476
0.002976190476190476
0.002976190476190476
0.002976190476190476
0.002976190476190476
0.002976190476190476
0.002976190476190476
0.002976190476190476
0.002976190476190476
0.002976190476190476
0.002976190476190476
0.002976190476190476
0.002976190476190476
0.002976190476190476
0.002976190476190476
0.002976190476190476
0.002976190476190476
0.002976190476190476
0.002976190476190476
0.002976190476190476
0.002976190476190476
0.002976190476190476
0.002976190476190476
0.002976190476190476
0.002976190476190476
0.002976190476190476
0.002976190476190476
0.002976190476190476
0.002976190476190476
0.002976190476190476
0.002976190476190476
0.002976190476190476
0.002976190476190476
0.002976190476190476
0.002976190476190476
0.002976190476190476
0.002976190476190476
0.002976190476190476
0.002976190476190476
0.002976190476190476
0.002976190476190476
0.002976190476190476
0.002976190476190476
0.002976190476190476
0.002976190476190476
0.002976190476190476
0.002976190476190476
0.002976190476190476
0.002976190476190476
0.002976190476190476
0.002976190476190476
0.002976190476190476
0.002976190476190476
0.002976190476190476
0.002976190476190476
0.002976190476190476
0.002976190476190476
0.002976190476190476
0.002976190476190476
0.002976190476190476
0.002976190476190476
0.002976190476190476
0.002976190476190476
0.002976190476190476
0.002976190476190476
0.002976190476190476
0.002976190476190476
0.002976190476190476
0.002976190476190476
0.002976190476190476
0.002976190476190476
0.002976190476190476
0.002976190476190476
0.002976190476190476
0.002976190476190476
0.002976190476190476
0.002976190476190476
0.002976190476190476
0.002976190476190476
0.002976190476190476
0.002976190476190476
0.002976190476190476
0.002976190476190476
0.002976190476190476
0.002976190476190476
0.002976190476190476
0.002976190476190476
0.002976190476190476
0.002976190476190476
0.002976190476190476
0.002976190476190476
0.002976190476190476
0.002976190476190476
0.002976190476190476
0.002976190476190476
0.002976190476190476
0.002976190476190476
0.002976190476190476
0.002976190476190476
0.002976190476190476
0.002976190476190476
0.002976190476190476
0.002976190476190476
0.002976190476190476
0.002976190476190476
0.002976190476190476
0.002976190476190476
0.002976190476190476
0.002976190476190476
0.002976190476190476
0.002976190476190476
0.002976190476190476
0.002976190476190476
0.002976190476190476
0.002976190476190476
0.002976190476190476
0.002976190476190476
0.002976190476190476
0.002976190476190476
0.002976190476190476
0.002976190476190476
0.002976190476190476
0.002976190476190476
0.002976190476190476
0.002976190476190476
0.002976190476190476
0.002976190476190476
0.002976190476190476
0.002976190476190476
0.002976190476190476
0.002976190476190476
0.002976190476190476
0.002976190476190476
0.002976190476190476
0.002976190476190476
0.002976190476190476
0.002976190476190476
0.002976190476190476
0.002976190476190476
0.002976190476190476
0.002976190476190476
0.002976190476190476
0.002976190476190476
0.002976190476190476
0.002976190476190476
0.002976190476190476
0.002976190476190476
0.002976190476190476
0.002976190476190476
0.002976190476190476
0.002976190476190476
0.002976190476190476
0.002976190476190476
0.002976190476190476
0.002976190476190476
0.002976190476190476
0.002976190476190476
0.002976190476190476
0.002976190476190476
0.002976190476190476
0.002976190476190476
0.002976190476190476
0.002976190476190476
0.002976190476190476
0.002976190476190476
0.002976190476190476
0.002976190476190476
0.002976190476190476
0.002976190476190476
0.002976190476190476
0.002976190476190476
0.002976190476190476
0.002976190476190476
0.002976190476190476
0.002976190476190476
0.002976190476190476
0.002976190476190476
0.002976190476190476
0.002976190476190476
0.002976190476190476
0.002976190476190476
0.002976190476190476
0.002976190476190476
0.002976190476190476
0.002976190476190476
0.002976190476190476
0.002976190476190476
0.002976190476190476
0.002976190476190476
0.002976190476190476
0.002976190476190476
0.002976190476190476
0.002976190476190476
0.002976190476190476
0.002976190476190476
0.002976190476190476
0.002976190476190476
0.002976190476190476
0.0030120481927710845
0.0030120481927710845
0.0030120481927710845
0.0030120481927710845
0.0030120481927710845
0.0030120481927710845
0.0030120481927710845
0.0030120481927710845
0.0030120481927710845
0.0030120481927710845
0.0030120481927710845
0.0030120481927710845
0.0030120481927710845
0.0030120481927710845
0.0030120481927710845
0.0030120481927710845
0.0030120481927710845
0.0030120481927710845
0.0030120481927710845
0.0030120481927710845
0.0030120481927710845
0.0030120481927710845
0.0030120481927710845
0.0030120481927710845
0.0030120481927710845
0.0030120481927710845
0.0030120481927710845
0.0030120481927710845
0.0030120481927710845
0.0030120481927710845
0.0030120481927710845
0.0030120481927710845
0.0030120481927710845
0.0030120481927710845
0.0030120481927710845
0.0030120481927710845
0.0030120481927710845
0.0030120481927710845
0.0030120481927710845
0.0030120481927710845
0.0030120481927710845
0.0032258064516129032
0.0033112582781456954
0.0033112582781456954
0.0033112582781456954
0.0033112582781456954
0.003401360544217687
0.003401360544217687
0.003401360544217687
0.003401360544217687
0.003401360544217687
0.003401360544217687
0.003401360544217687
0.003401360544217687
0.003401360544217687
0.003401360544217687
0.003401360544217687
0.003401360544217687
0.003401360544217687
0.003401360544217687
0.003401360544217687
0.003401360544217687
0.003401360544217687
0.003401360544217687
0.003401360544217687
0.003401360544217687
0.003401360544217687
0.003401360544217687
0.003401360544217687
0.003401360544217687
0.003401360544217687
0.003401360544217687
0.003401360544217687
0.003401360544217687
0.003401360544217687
0.003401360544217687
0.003401360544217687
0.003401360544217687
0.003401360544217687
0.003401360544217687
0.003401360544217687
0.003401360544217687
0.003401360544217687
0.003401360544217687
0.003401360544217687
0.003401360544217687
0.003401360544217687
0.003401360544217687
0.003401360544217687
0.0035460992907801418
0.0035460992907801418
0.0035460992907801418
0.0035460992907801418
0.0035460992907801418
0.0035460992907801418
0.0035460992907801418
0.0035460992907801418
0.0035460992907801418
0.0035460992907801418
0.0035460992907801418
0.0035460992907801418
0.0035460992907801418
0.0035460992907801418
0.0035460992907801418
0.0035460992907801418
0.0035460992907801418
0.0035460992907801418
0.0035460992907801418
0.0035460992907801418
0.0035460992907801418
0.0035460992907801418
0.0035460992907801418
0.0035460992907801418
0.0035460992907801418
0.0035460992907801418
0.0035460992907801418
0.0035460992907801418
0.0035460992907801418
0.0035460992907801418
0.0035460992907801418
0.0035460992907801418
0.0035460992907801418
0.0035460992907801418
0.0035460992907801418
0.0035460992907801418
0.0035714285714285713
0.0035714285714285713
0.0035714285714285713
0.0035714285714285713
0.0035714285714285713
0.0035714285714285713
0.0035971223021582736
0.0035971223021582736
0.0035971223021582736
0.0035971223021582736
0.0035971223021582736
0.0035971223021582736
0.0035971223021582736
0.0035971223021582736
0.0035971223021582736
0.0035971223021582736
0.0035971223021582736
0.0035971223021582736
0.0035971223021582736
0.0035971223021582736
0.0035971223021582736
0.0035971223021582736
0.0035971223021582736
0.0035971223021582736
0.0035971223021582736
0.0035971223021582736
0.0036496350364963502
0.0036496350364963502
0.0036496350364963502
0.0036496350364963502
0.0036496350364963502
0.0036496350364963502
0.0038461538461538464
0.0038461538461538464
0.0038461538461538464
0.0038461538461538464
0.0038461538461538464
0.0038461538461538464
0.0038461538461538464
0.0038461538461538464
0.0038461538461538464
0.0038461538461538464
0.0038461538461538464
0.0038461538461538464
0.003968253968253968
0.003968253968253968
0.003968253968253968
0.003968253968253968
0.003968253968253968
0.003968253968253968
0.003968253968253968
0.003968253968253968
0.003968253968253968
0.003968253968253968
0.003968253968253968
0.003968253968253968
0.003968253968253968
0.003968253968253968
0.003968253968253968
0.003968253968253968
0.003968253968253968
0.003968253968253968
0.003968253968253968
0.003968253968253968
0.003968253968253968
0.003968253968253968
0.003968253968253968
0.003968253968253968
0.003968253968253968
0.003968253968253968
0.003968253968253968
0.003968253968253968
0.003968253968253968
0.003968253968253968
0.003968253968253968
0.003968253968253968
0.003968253968253968
0.003968253968253968
0.003968253968253968
0.003968253968253968
0.003968253968253968
0.003968253968253968
0.004
0.004
0.004
0.004
0.004
0.004
0.004
0.004
0.004
0.004
0.004
0.004
0.004
0.004
0.004
0.004
0.004
0.004
0.004
0.004545454545454545
0.004545454545454545
0.004545454545454545
0.004545454545454545
0.004545454545454545
0.004545454545454545
0.004545454545454545
0.004545454545454545
0.004545454545454545
0.004545454545454545
0.004545454545454545
0.004545454545454545
0.004545454545454545
0.004545454545454545
0.004545454545454545
0.004545454545454545
0.004545454545454545
0.004545454545454545
0.004545454545454545
0.004545454545454545
0.004545454545454545
0.004545454545454545
0.004545454545454545
0.004545454545454545
0.004545454545454545
0.004545454545454545
0.004545454545454545
0.004545454545454545
0.004545454545454545
0.004545454545454545
0.004545454545454545
0.004545454545454545
0.004545454545454545
0.004545454545454545
0.004545454545454545
0.004545454545454545
0.004545454545454545
0.004545454545454545
0.004545454545454545
0.004901960784313725
0.004901960784313725
0.004901960784313725
0.004901960784313725
0.004901960784313725
0.004901960784313725
0.004901960784313725
0.004901960784313725
0.004901960784313725
0.004901960784313725
0.004901960784313725
0.004901960784313725
0.004901960784313725
0.004901960784313725
0.004901960784313725
0.004901960784313725
0.004901960784313725
0.004901960784313725
0.004901960784313725
0.004901960784313725
0.004901960784313725
0.004901960784313725
0.004901960784313725
0.004901960784313725
0.004901960784313725
0.004901960784313725
0.004901960784313725
0.004901960784313725
0.004901960784313725
0.004901960784313725
0.004901960784313725
0.004901960784313725
0.004901960784313725
0.004901960784313725
0.004901960784313725
0.004901960784313725
0.004901960784313725
0.004901960784313725
0.004901960784313725
0.004901960784313725
0.004901960784313725
0.004901960784313725
0.004901960784313725
0.004901960784313725
0.004901960784313725
0.004901960784313725
0.004901960784313725
0.004901960784313725
0.004901960784313725
0.004901960784313725
0.004901960784313725
0.004901960784313725
0.004901960784313725
0.004901960784313725
0.004901960784313725
0.004901960784313725
0.004901960784313725
0.004901960784313725
0.004901960784313725
0.004901960784313725
0.004901960784313725
0.004901960784313725
0.004901960784313725
0.004901960784313725
0.0049504950495049506
0.0049504950495049506
0.0049504950495049506
0.0049504950495049506
0.0049504950495049506
0.0049504950495049506
0.0049504950495049506
0.0049504950495049506
0.0049504950495049506
0.0049504950495049506
0.0049504950495049506
0.0049504950495049506
0.0049504950495049506
0.0049504950495049506
0.0049504950495049506
0.0049504950495049506
0.0049504950495049506
0.0049504950495049506
0.0049504950495049506
0.0049504950495049506
0.0049504950495049506
0.0049504950495049506
0.0049504950495049506
0.0049504950495049506
0.0049504950495049506
0.0049504950495049506
0.0049504950495049506
0.0049504950495049506
0.0049504950495049506
0.0049504950495049506
0.0049504950495049506
0.0049504950495049506
0.0049504950495049506
0.0049504950495049506
0.0049504950495049506
0.0049504950495049506
0.0049504950495049506
0.0049504950495049506
0.0049504950495049506
0.0049504950495049506
0.0049504950495049506
0.0049504950495049506
0.0049504950495049506
0.0049504950495049506
0.0049504950495049506
0.0049504950495049506
0.0049504950495049506
0.0049504950495049506
0.0049504950495049506
0.0049504950495049506
0.0049504950495049506
0.0049504950495049506
0.0049504950495049506
0.0049504950495049506
0.0049504950495049506
0.0049504950495049506
0.0049504950495049506
0.0049504950495049506
0.0049504950495049506
0.0049504950495049506
0.0049504950495049506
0.0049504950495049506
0.0049504950495049506
0.0049504950495049506
0.0049504950495049506
0.0049504950495049506
0.0049504950495049506
0.005
0.005
0.005
0.005
0.005
0.005
0.005
0.005
0.005
0.005
0.005
0.005
0.005
0.005
0.005
0.005
0.005
0.005
0.005
0.005
0.005
0.00510204081632653
0.00510204081632653
0.00510204081632653
0.00510204081632653
0.00510204081632653
0.00510204081632653
0.00510204081632653
0.00510204081632653
0.00510204081632653
0.00510204081632653
0.00510204081632653
0.00510204081632653
0.00510204081632653
0.00510204081632653
0.00510204081632653
0.00510204081632653
0.00510204081632653
0.00510204081632653
0.00510204081632653
0.00510204081632653
0.00510204081632653
0.00510204081632653
0.00510204081632653
0.00510204081632653
0.00510204081632653
0.00510204081632653
0.00510204081632653
0.00510204081632653
0.00510204081632653
0.00510204081632653
0.00510204081632653
0.00510204081632653
0.00510204081632653
0.00510204081632653
0.00510204081632653
0.00510204081632653
0.00510204081632653
0.00510204081632653
0.00510204081632653
0.00510204081632653
0.00510204081632653
0.00510204081632653
0.00510204081632653
0.00510204081632653
0.00510204081632653
0.00510204081632653
0.00510204081632653
0.00510204081632653
0.00510204081632653
0.00510204081632653
0.00510204081632653
0.00510204081632653
0.00510204081632653
0.00510204081632653
0.00510204081632653
0.00510204081632653
0.00510204081632653
0.00510204081632653
0.00510204081632653
0.00510204081632653
0.00510204081632653
0.00510204081632653
0.00510204081632653
0.00510204081632653
0.00510204081632653
0.00510204081632653
0.00510204081632653
0.00510204081632653
0.00510204081632653
0.00510204081632653
0.00510204081632653
0.00510204081632653
0.00510204081632653
0.00510204081632653
0.00510204081632653
0.00510204081632653
0.00510204081632653
0.00510204081632653
0.00510204081632653
0.00510204081632653
0.00510204081632653
0.00510204081632653
0.00510204081632653
0.00510204081632653
0.00510204081632653
0.00510204081632653
0.00510204081632653
0.00510204081632653
0.00510204081632653
0.00510204081632653
0.00510204081632653
0.00510204081632653
0.00510204081632653
0.00510204081632653
0.00510204081632653
0.00510204081632653
0.00510204081632653
0.00510204081632653
0.00510204081632653
0.00510204081632653
0.00510204081632653
0.00510204081632653
0.00510204081632653
0.00510204081632653
0.00510204081632653
0.00510204081632653
0.00510204081632653
0.005434782608695652
0.005434782608695652
0.005434782608695652
0.005434782608695652
0.005434782608695652
0.005434782608695652
0.005434782608695652
0.005434782608695652
0.005434782608695652
0.005434782608695652
0.005434782608695652
0.005434782608695652
0.005434782608695652
0.005434782608695652
0.005434782608695652
0.005434782608695652
0.005434782608695652
0.005434782608695652
0.005434782608695652
0.005434782608695652
0.005434782608695652
0.005434782608695652
0.005434782608695652
0.005434782608695652
0.005434782608695652
0.005434782608695652
0.005434782608695652
0.005434782608695652
0.005434782608695652
0.005434782608695652
0.005434782608695652
0.005434782608695652
0.005434782608695652
0.005434782608695652
0.005434782608695652
0.005434782608695652
0.005434782608695652
0.005434782608695652
0.005434782608695652
0.005434782608695652
0.005434782608695652
0.005434782608695652
0.005434782608695652
0.005434782608695652
0.005434782608695652
0.005434782608695652
0.005434782608695652
0.005434782608695652
0.005434782608695652
0.005434782608695652
0.005434782608695652
0.005434782608695652
0.005434782608695652
0.005434782608695652
0.005434782608695652
0.005434782608695652
0.005434782608695652
0.005434782608695652
0.005434782608695652
0.005434782608695652
0.005434782608695652
0.005434782608695652
0.005434782608695652
0.005434782608695652
0.005434782608695652
0.005434782608695652
0.005434782608695652
0.005434782608695652
0.005434782608695652
0.005434782608695652
0.005434782608695652
0.005434782608695652
0.005434782608695652
0.005434782608695652
0.005434782608695652
0.005434782608695652
0.005434782608695652
0.005434782608695652
0.005434782608695652
0.005434782608695652
0.005434782608695652
0.005434782608695652
0.005434782608695652
0.005434782608695652
0.005434782608695652
0.005434782608695652
0.005434782608695652
0.005434782608695652
0.005434782608695652
0.005434782608695652
0.005434782608695652
0.005434782608695652
0.005434782608695652
0.005434782608695652
0.005434782608695652
0.005434782608695652
0.005434782608695652
0.005434782608695652
0.005434782608695652
0.005434782608695652
0.005434782608695652
0.005434782608695652
0.005434782608695652
0.005434782608695652
0.005434782608695652
0.005434782608695652
0.005434782608695652
0.005434782608695652
0.005434782608695652
0.005434782608695652
0.005434782608695652
0.005434782608695652
0.005434782608695652
0.0056179775280898875
0.0056179775280898875
0.0056179775280898875
0.0056179775280898875
0.0056179775280898875
0.0056179775280898875
0.0056179775280898875
0.0056179775280898875
0.0056179775280898875
0.0056179775280898875
0.0056179775280898875
0.0056179775280898875
0.0056179775280898875
0.0056179775280898875
0.0056179775280898875
0.0056179775280898875
0.0056179775280898875
0.0056179775280898875
0.0056179775280898875
0.0056179775280898875
0.0056179775280898875
0.0056179775280898875
0.0056179775280898875
0.0056179775280898875
0.0056179775280898875
0.0056179775280898875
0.0056179775280898875
0.0056179775280898875
0.0056179775280898875
0.0056179775280898875
0.0056179775280898875
0.0056179775280898875
0.0056179775280898875
0.0056179775280898875
0.0056179775280898875
0.0056179775280898875
0.0056179775280898875
0.0056179775280898875
0.0056179775280898875
0.0056179775280898875
0.0056179775280898875
0.0056179775280898875
0.0056179775280898875
0.0056179775280898875
0.0056179775280898875
0.0056179775280898875
0.0056179775280898875
0.0056179775280898875
0.0056179775280898875
0.0056179775280898875
0.0056179775280898875
0.0056179775280898875
0.0056179775280898875
0.0056179775280898875
0.0056179775280898875
0.0056179775280898875
0.0056179775280898875
0.0056179775280898875
0.0056179775280898875
0.0056179775280898875
0.0056179775280898875
0.0056179775280898875
0.0056179775280898875
0.0056179775280898875
0.0056179775280898875
0.0056179775280898875
0.0056179775280898875
0.0056179775280898875
0.0056179775280898875
0.0056179775280898875
0.0056179775280898875
0.0056179775280898875
0.0056179775280898875
0.0056179775280898875
0.0056179775280898875
0.0056179775280898875
0.0056179775280898875
0.0056179775280898875
0.0056179775280898875
0.0056179775280898875
0.0056179775280898875
0.0056179775280898875
0.0056179775280898875
0.0056179775280898875
0.0056179775280898875
0.0056179775280898875
0.0056179775280898875
0.0056179775280898875
0.0056179775280898875
0.0056179775280898875
0.0056179775280898875
0.0056179775280898875
0.0056179775280898875
0.0056179775280898875
0.0056179775280898875
0.0056179775280898875
0.0056179775280898875
0.0056179775280898875
0.0056179775280898875
0.0056179775280898875
0.0056179775280898875
0.0056179775280898875
0.0056179775280898875
0.0056179775280898875
0.0056179775280898875
0.0056179775280898875
0.0056179775280898875
0.0056179775280898875
0.0056179775280898875
0.0056179775280898875
0.0056179775280898875
0.0056179775280898875
0.0056179775280898875
0.0056179775280898875
0.0056179775280898875
0.0056179775280898875
0.0056179775280898875
0.0056179775280898875
0.0056179775280898875
0.0056179775280898875
0.0056179775280898875
0.0056179775280898875
0.0056179775280898875
0.0056179775280898875
0.005813953488372093
0.005813953488372093
0.005813953488372093
0.005813953488372093
0.005813953488372093
0.005813953488372093
0.005813953488372093
0.005813953488372093
0.005813953488372093
0.005813953488372093
0.005813953488372093
0.005813953488372093
0.005813953488372093
0.005813953488372093
0.005813953488372093
0.005813953488372093
0.005813953488372093
0.005813953488372093
0.005813953488372093
0.005813953488372093
0.005813953488372093
0.005813953488372093
0.005813953488372093
0.005813953488372093
0.005813953488372093
0.005813953488372093
0.005813953488372093
0.005813953488372093
0.005813953488372093
0.005813953488372093
0.005813953488372093
0.005813953488372093
0.005813953488372093
0.005813953488372093
0.005813953488372093
0.005813953488372093
0.005813953488372093
0.005813953488372093
0.005813953488372093
0.005813953488372093
0.005813953488372093
0.005813953488372093
0.005813953488372093
0.005813953488372093
0.005813953488372093
0.005813953488372093
0.005813953488372093
0.005813953488372093
0.005813953488372093
0.005813953488372093
0.005813953488372093
0.005813953488372093
0.005813953488372093
0.005813953488372093
0.005813953488372093
0.005813953488372093
0.005813953488372093
0.005813953488372093
0.005813953488372093
0.005813953488372093
0.005813953488372093
0.005813953488372093
0.005813953488372093
0.005813953488372093
0.005813953488372093
0.005813953488372093
0.005813953488372093
0.005813953488372093
0.005813953488372093
0.005813953488372093
0.005813953488372093
0.005813953488372093
0.005813953488372093
0.005813953488372093
0.005813953488372093
0.005813953488372093
0.005813953488372093
0.005813953488372093
0.005813953488372093
0.005813953488372093
0.005813953488372093
0.005813953488372093
0.005813953488372093
0.005813953488372093
0.005813953488372093
0.005813953488372093
0.005813953488372093
0.005813953488372093
0.005813953488372093
0.005813953488372093
0.005813953488372093
0.005813953488372093
0.005813953488372093
0.005813953488372093
0.005813953488372093
0.005813953488372093
0.005813953488372093
0.005813953488372093
0.006097560975609756
0.006097560975609756
0.006097560975609756
0.006097560975609756
0.006097560975609756
0.006097560975609756
0.006097560975609756
0.006097560975609756
0.006097560975609756
0.006097560975609756
0.006097560975609756
0.006097560975609756
0.006097560975609756
0.006097560975609756
0.006097560975609756
0.006097560975609756
0.006097560975609756
0.006097560975609756
0.006097560975609756
0.006097560975609756
0.006097560975609756
0.006097560975609756
0.006097560975609756
0.006097560975609756
0.006097560975609756
0.006097560975609756
0.006097560975609756
0.006097560975609756
0.006097560975609756
0.006097560975609756
0.006097560975609756
0.006097560975609756
0.00625
0.00625
0.00625
0.00625
0.00625
0.00625
0.00625
0.00625
0.00625
0.00625
0.00625
0.00625
0.00625
0.00625
0.00625
0.00625
0.00625
0.00625
0.00625
0.00625
0.00625
0.00625
0.00625
0.00625
0.00625
0.00625
0.00625
0.00625
0.00625
0.00625
0.00625
0.00625
0.00625
0.00625
0.00625
0.00625
0.00625
0.00625
0.00625
0.00625
0.00625
0.00625
0.00625
0.00625
0.00625
0.00625
0.00625
0.00625
0.00625
0.00625
0.00625
0.00625
0.00625
0.00625
0.00625
0.00625
0.00625
0.00625
0.00625
0.00625
0.00625
0.00625
0.00625
0.00625
0.00625
0.00625
0.00625
0.00625
0.00625
0.00625
0.00625
0.00625
0.00625
0.00625
0.00625
0.006329113924050633
0.006493506493506494
0.006493506493506494
0.006493506493506494
0.006493506493506494
0.006493506493506494
0.006493506493506494
0.006493506493506494
0.006493506493506494
0.006493506493506494
0.006493506493506494
0.006493506493506494
0.006493506493506494
0.006493506493506494
0.006493506493506494
0.006493506493506494
0.006493506493506494
0.006493506493506494
0.006493506493506494
0.006493506493506494
0.006493506493506494
0.006493506493506494
0.006493506493506494
0.006493506493506494
0.006493506493506494
0.006493506493506494
0.006493506493506494
0.006493506493506494
0.006493506493506494
0.006493506493506494
0.006493506493506494
0.006493506493506494
0.006493506493506494
0.006493506493506494
0.006493506493506494
0.006493506493506494
0.006493506493506494
0.006666666666666667
0.006666666666666667
0.006666666666666667
0.006666666666666667
0.006666666666666667
0.006666666666666667
0.006666666666666667
0.006666666666666667
0.006666666666666667
0.006666666666666667
0.006666666666666667
0.006666666666666667
0.006666666666666667
0.006666666666666667
0.006666666666666667
0.006666666666666667
0.006666666666666667
0.006666666666666667
0.006666666666666667
0.006666666666666667
0.006666666666666667
0.006666666666666667
0.006666666666666667
0.006666666666666667
0.006666666666666667
0.006666666666666667
0.006666666666666667
0.006666666666666667
0.006666666666666667
0.006666666666666667
0.006666666666666667
0.006666666666666667
0.006666666666666667
0.006666666666666667
0.006756756756756757
0.006756756756756757
0.006756756756756757
0.006756756756756757
0.006756756756756757
0.006756756756756757
0.006756756756756757
0.006756756756756757
0.006756756756756757
0.006756756756756757
0.006756756756756757
0.006756756756756757
0.006756756756756757
0.006756756756756757
0.006756756756756757
0.006756756756756757
0.006756756756756757
0.006756756756756757
0.006756756756756757
0.006756756756756757
0.006756756756756757
0.006756756756756757
0.006756756756756757
0.006756756756756757
0.006756756756756757
0.006756756756756757
0.006756756756756757
0.006756756756756757
0.006756756756756757
0.006756756756756757
0.006756756756756757
0.006756756756756757
0.006756756756756757
0.006756756756756757
0.006756756756756757
0.006756756756756757
0.006756756756756757
0.006756756756756757
0.006756756756756757
0.006756756756756757
0.006756756756756757
0.006756756756756757
0.006756756756756757
0.006756756756756757
0.006756756756756757
0.006756756756756757
0.006756756756756757
0.006756756756756757
0.006756756756756757
0.006756756756756757
0.006756756756756757
0.006756756756756757
0.006756756756756757
0.006756756756756757
0.006756756756756757
0.006756756756756757
0.006756756756756757
0.006756756756756757
0.006756756756756757
0.006756756756756757
0.006756756756756757
0.006756756756756757
0.006756756756756757
0.006756756756756757
0.006756756756756757
0.006756756756756757
0.006756756756756757
0.006756756756756757
0.006756756756756757
0.006756756756756757
0.006756756756756757
0.006756756756756757
0.006756756756756757
0.00684931506849315
0.00684931506849315
0.00684931506849315
0.00684931506849315
0.00684931506849315
0.00684931506849315
0.00684931506849315
0.00684931506849315
0.00684931506849315
0.00684931506849315
0.00684931506849315
0.00684931506849315
0.00684931506849315
0.00684931506849315
0.00684931506849315
0.007352941176470588
0.007352941176470588
0.007352941176470588
0.007352941176470588
0.007352941176470588
0.007352941176470588
0.007352941176470588
0.007352941176470588
0.007352941176470588
0.007352941176470588
0.007352941176470588
0.007352941176470588
0.007352941176470588
0.007352941176470588
0.007352941176470588
0.007352941176470588
0.007462686567164179
0.007462686567164179
0.007462686567164179
0.007462686567164179
0.007462686567164179
0.007462686567164179
0.007462686567164179
0.007462686567164179
0.007462686567164179
0.007462686567164179
0.007462686567164179
0.007462686567164179
0.007462686567164179
0.007462686567164179
0.007462686567164179
0.007462686567164179
0.007462686567164179
0.007462686567164179
0.007462686567164179
0.007462686567164179
0.007462686567164179
0.007462686567164179
0.007462686567164179
0.007462686567164179
0.007462686567164179
0.007462686567164179
0.007462686567164179
0.007462686567164179
0.007462686567164179
0.007462686567164179
0.007462686567164179
0.007462686567164179
0.007462686567164179
0.007462686567164179
0.007462686567164179
0.007462686567164179
0.007462686567164179
0.007462686567164179
0.007462686567164179
0.007462686567164179
0.007462686567164179
0.007462686567164179
0.007462686567164179
0.007462686567164179
0.007462686567164179
0.007462686567164179
0.007462686567164179
0.007462686567164179
0.007462686567164179
0.007462686567164179
0.007462686567164179
0.007462686567164179
0.007462686567164179
0.007462686567164179
0.007462686567164179
0.007462686567164179
0.007462686567164179
0.007462686567164179
0.007575757575757576
0.007575757575757576
0.007575757575757576
0.007575757575757576
0.007575757575757576
0.007575757575757576
0.007575757575757576
0.007575757575757576
0.007575757575757576
0.007575757575757576
0.007575757575757576
0.007575757575757576
0.007575757575757576
0.007575757575757576
0.007575757575757576
0.007575757575757576
0.007575757575757576
0.007575757575757576
0.0078125
0.0078125
0.0078125
0.0078125
0.0078125
0.0078125
0.0078125
0.0078125
0.0078125
0.0078125
0.007936507936507936
0.007936507936507936
0.007936507936507936
0.007936507936507936
0.007936507936507936
0.007936507936507936
0.007936507936507936
0.007936507936507936
0.007936507936507936
0.007936507936507936
0.008333333333333333
0.008333333333333333
0.008333333333333333
0.008333333333333333
0.008333333333333333
0.008333333333333333
0.008333333333333333
0.008333333333333333
0.008333333333333333
0.008333333333333333
0.008333333333333333
0.008333333333333333
0.008333333333333333
0.008333333333333333
0.008333333333333333
0.008333333333333333
0.008333333333333333
0.008333333333333333
0.008333333333333333
0.008333333333333333
0.008333333333333333
0.008333333333333333
0.008333333333333333
0.008333333333333333
0.008333333333333333
0.008333333333333333
0.008333333333333333
0.008333333333333333
0.008333333333333333
0.008333333333333333
0.008333333333333333
0.008333333333333333
0.008333333333333333
0.008333333333333333
0.008333333333333333
0.008333333333333333
0.008333333333333333
0.008333333333333333
0.008333333333333333
0.008333333333333333
0.008333333333333333
0.008333333333333333
0.008333333333333333
0.008333333333333333
0.008333333333333333
0.00847457627118644
0.00847457627118644
0.00847457627118644
0.00847457627118644
0.00847457627118644
0.00847457627118644
0.00847457627118644
0.00847457627118644
0.00847457627118644
0.00847457627118644
0.00847457627118644
0.00847457627118644
0.00847457627118644
0.00847457627118644
0.00847457627118644
0.00847457627118644
0.00847457627118644
0.00847457627118644
0.00847457627118644
0.00847457627118644
0.00847457627118644
0.00847457627118644
0.00847457627118644
0.00847457627118644
0.00847457627118644
0.00847457627118644
0.00847457627118644
0.00847457627118644
0.00847457627118644
0.00847457627118644
0.00847457627118644
0.00847457627118644
0.00847457627118644
0.00847457627118644
0.00847457627118644
0.00847457627118644
0.00847457627118644
0.00847457627118644
0.00847457627118644
0.00847457627118644
0.00847457627118644
0.00847457627118644
0.00847457627118644
0.00847457627118644
0.00847457627118644
0.00847457627118644
0.00847457627118644
0.00847457627118644
0.00847457627118644
0.00847457627118644
0.00847457627118644
0.00847457627118644
0.00847457627118644
0.00847457627118644
0.00847457627118644
0.00847457627118644
0.00847457627118644
0.00847457627118644
0.00847457627118644
0.00847457627118644
0.00847457627118644
0.00847457627118644
0.00847457627118644
0.00847457627118644
0.00847457627118644
0.00847457627118644
0.00847457627118644
0.00847457627118644
0.00847457627118644
0.00847457627118644
0.00847457627118644
0.00847457627118644
0.00847457627118644
0.00847457627118644
0.00847457627118644
0.00847457627118644
0.00847457627118644
0.00847457627118644
0.00847457627118644
0.00847457627118644
0.00847457627118644
0.008620689655172414
0.008620689655172414
0.008620689655172414
0.008620689655172414
0.008620689655172414
0.008620689655172414
0.008620689655172414
0.008620689655172414
0.008620689655172414
0.008620689655172414
0.008620689655172414
0.008620689655172414
0.008620689655172414
0.008620689655172414
0.008620689655172414
0.008620689655172414
0.008620689655172414
0.008620689655172414
0.008620689655172414
0.008620689655172414
0.008620689655172414
0.008620689655172414
0.008620689655172414
0.008620689655172414
0.008620689655172414
0.008620689655172414
0.008620689655172414
0.008620689655172414
0.008620689655172414
0.008620689655172414
0.008620689655172414
0.008620689655172414
0.008620689655172414
0.008620689655172414
0.008620689655172414
0.008620689655172414
0.008620689655172414
0.008620689655172414
0.008620689655172414
0.008620689655172414
0.008620689655172414
0.008620689655172414
0.008620689655172414
0.008620689655172414
0.008620689655172414
0.008620689655172414
0.008620689655172414
0.008620689655172414
0.008620689655172414
0.008620689655172414
0.008620689655172414
0.008620689655172414
0.008620689655172414
0.008620689655172414
0.008620689655172414
0.008620689655172414
0.008620689655172414
0.008620689655172414
0.008928571428571428
0.008928571428571428
0.008928571428571428
0.008928571428571428
0.008928571428571428
0.008928571428571428
0.008928571428571428
0.008928571428571428
0.008928571428571428
0.008928571428571428
0.008928571428571428
0.008928571428571428
0.008928571428571428
0.008928571428571428
0.008928571428571428
0.008928571428571428
0.008928571428571428
0.008928571428571428
0.008928571428571428
0.008928571428571428
0.008928571428571428
0.008928571428571428
0.008928571428571428
0.008928571428571428
0.008928571428571428
0.008928571428571428
0.008928571428571428
0.008928571428571428
0.008928571428571428
0.008928571428571428
0.008928571428571428
0.008928571428571428
0.008928571428571428
0.008928571428571428
0.008928571428571428
0.008928571428571428
0.008928571428571428
0.008928571428571428
0.008928571428571428
0.008928571428571428
0.008928571428571428
0.008928571428571428
0.008928571428571428
0.008928571428571428
0.008928571428571428
0.008928571428571428
0.008928571428571428
0.008928571428571428
0.008928571428571428
0.008928571428571428
0.008928571428571428
0.008928571428571428
0.008928571428571428
0.008928571428571428
0.008928571428571428
0.008928571428571428
0.008928571428571428
0.008928571428571428
0.008928571428571428
0.008928571428571428
0.008928571428571428
0.008928571428571428
0.008928571428571428
0.008928571428571428
0.008928571428571428
0.008928571428571428
0.008928571428571428
0.008928571428571428
0.008928571428571428
0.008928571428571428
0.008928571428571428
0.008928571428571428
0.008928571428571428
0.008928571428571428
0.008928571428571428
0.008928571428571428
0.008928571428571428
0.008928571428571428
0.008928571428571428
0.008928571428571428
0.008928571428571428
0.008928571428571428
0.008928571428571428
0.008928571428571428
0.008928571428571428
0.008928571428571428
0.008928571428571428
0.008928571428571428
0.008928571428571428
0.008928571428571428
0.008928571428571428
0.008928571428571428
0.008928571428571428
0.008928571428571428
0.008928571428571428
0.008928571428571428
0.008928571428571428
0.008928571428571428
0.008928571428571428
0.008928571428571428
0.008928571428571428
0.008928571428571428
0.008928571428571428
0.008928571428571428
0.008928571428571428
0.008928571428571428
0.008928571428571428
0.008928571428571428
0.008928571428571428
0.008928571428571428
0.008928571428571428
0.008928571428571428
0.008928571428571428
0.008928571428571428
0.00909090909090909
0.00909090909090909
0.00909090909090909
0.00909090909090909
0.00909090909090909
0.00909090909090909
0.00909090909090909
0.00909090909090909
0.00909090909090909
0.00909090909090909
0.00909090909090909
0.00909090909090909
0.00909090909090909
0.00909090909090909
0.00909090909090909
0.00909090909090909
0.00909090909090909
0.00909090909090909
0.00909090909090909
0.00909090909090909
0.00909090909090909
0.00909090909090909
0.00909090909090909
0.00909090909090909
0.00909090909090909
0.00909090909090909
0.00909090909090909
0.00909090909090909
0.00909090909090909
0.00909090909090909
0.00909090909090909
0.00909090909090909
0.00909090909090909
0.00909090909090909
0.00909090909090909
0.00909090909090909
0.00909090909090909
0.00909090909090909
0.00909090909090909
0.00909090909090909
0.00909090909090909
0.00909090909090909
0.00909090909090909
0.00909090909090909
0.00909090909090909
0.00909090909090909
0.00909090909090909
0.00909090909090909
0.00909090909090909
0.00909090909090909
0.00909090909090909
0.00909090909090909
0.00909090909090909
0.00909090909090909
0.00909090909090909
0.00909090909090909
0.00909090909090909
0.00909090909090909
0.00909090909090909
0.00909090909090909
0.00909090909090909
0.00909090909090909
0.00909090909090909
0.00909090909090909
0.00909090909090909
0.00909090909090909
0.00909090909090909
0.00909090909090909
0.00909090909090909
0.00909090909090909
0.00909090909090909
0.00909090909090909
0.00909090909090909
0.00909090909090909
0.00909090909090909
0.00909090909090909
0.00909090909090909
0.00909090909090909
0.00909090909090909
0.00909090909090909
0.00909090909090909
0.00909090909090909
0.00909090909090909
0.00909090909090909
0.00909090909090909
0.00909090909090909
0.00909090909090909
0.00909090909090909
0.00909090909090909
0.00909090909090909
0.00909090909090909
0.00909090909090909
0.00909090909090909
0.00909090909090909
0.00909090909090909
0.00909090909090909
0.00909090909090909
0.00909090909090909
0.00909090909090909
0.00909090909090909
0.00909090909090909
0.00909090909090909
0.00909090909090909
0.00909090909090909
0.00909090909090909
0.00909090909090909
0.00909090909090909
0.00909090909090909
0.00909090909090909
0.00909090909090909
0.00909090909090909
0.00909090909090909
0.00909090909090909
0.00909090909090909
0.00909090909090909
0.00909090909090909
0.00909090909090909
0.00909090909090909
0.00909090909090909
0.00909090909090909
0.00909090909090909
0.00909090909090909
0.00909090909090909
0.00909090909090909
0.00909090909090909
0.00909090909090909
0.00909090909090909
0.00909090909090909
0.00909090909090909
0.00909090909090909
0.00909090909090909
0.00909090909090909
0.00909090909090909
0.00909090909090909
0.00909090909090909
0.00909090909090909
0.00909090909090909
0.00909090909090909
0.00909090909090909
0.00909090909090909
0.00909090909090909
0.00909090909090909
0.00909090909090909
0.00909090909090909
0.00909090909090909
0.00909090909090909
0.00909090909090909
0.00909090909090909
0.00909090909090909
0.00909090909090909
0.00909090909090909
0.00909090909090909
0.00909090909090909
0.00909090909090909
0.00909090909090909
0.00909090909090909
0.00909090909090909
0.00909090909090909
0.00909090909090909
0.00909090909090909
0.00909090909090909
0.00909090909090909
0.00909090909090909
0.00909090909090909
0.00909090909090909
0.00909090909090909
0.00909090909090909
0.00909090909090909
0.00909090909090909
0.00909090909090909
0.00909090909090909
0.00909090909090909
0.00909090909090909
0.00909090909090909
0.00909090909090909
0.00909090909090909
0.00909090909090909
0.00909090909090909
0.00909090909090909
0.00909090909090909
0.00909090909090909
0.00909090909090909
0.00909090909090909
0.00909090909090909
0.00909090909090909
0.00909090909090909
0.00909090909090909
0.00909090909090909
0.00909090909090909
0.00909090909090909
0.00909090909090909
0.00909090909090909
0.00909090909090909
0.00909090909090909
0.00909090909090909
0.00909090909090909
0.00909090909090909
0.00909090909090909
0.00909090909090909
0.00909090909090909
0.00909090909090909
0.00909090909090909
0.00909090909090909
0.00909090909090909
0.00909090909090909
0.00909090909090909
0.00909090909090909
0.00909090909090909
0.00909090909090909
0.00909090909090909
0.00909090909090909
0.00909090909090909
0.00909090909090909
0.00909090909090909
0.00909090909090909
0.00909090909090909
0.00909090909090909
0.00909090909090909
0.00909090909090909
0.00909090909090909
0.00909090909090909
0.00909090909090909
0.00909090909090909
0.00909090909090909
0.00909090909090909
0.00909090909090909
0.00909090909090909
0.00909090909090909
0.00909090909090909
0.00909090909090909
0.00909090909090909
0.00909090909090909
0.00909090909090909
0.00909090909090909
0.00909090909090909
0.00909090909090909
0.00909090909090909
0.00909090909090909
0.00909090909090909
0.00909090909090909
0.00909090909090909
0.00909090909090909
0.00909090909090909
0.00909090909090909
0.00909090909090909
0.00909090909090909
0.00909090909090909
0.00909090909090909
0.00909090909090909
0.00909090909090909
0.00909090909090909
0.00909090909090909
0.00909090909090909
0.00909090909090909
0.00909090909090909
0.00909090909090909
0.00909090909090909
0.00909090909090909
0.00909090909090909
0.00909090909090909
0.00909090909090909
0.00909090909090909
0.00909090909090909
0.00909090909090909
0.00909090909090909
0.00909090909090909
0.00909090909090909
0.00909090909090909
0.00909090909090909
0.00909090909090909
0.00909090909090909
0.00909090909090909
0.00909090909090909
0.00909090909090909
0.00909090909090909
0.00909090909090909
0.00909090909090909
0.00909090909090909
0.00909090909090909
0.00909090909090909
0.00909090909090909
0.00909090909090909
0.00909090909090909
0.00909090909090909
0.00909090909090909
0.00909090909090909
0.00909090909090909
0.00909090909090909
0.00909090909090909
0.00909090909090909
0.00909090909090909
0.00909090909090909
0.00909090909090909
0.00909090909090909
0.00909090909090909
0.00909090909090909
0.00909090909090909
0.00909090909090909
0.00909090909090909
0.00909090909090909
0.00909090909090909
0.00909090909090909
0.00909090909090909
0.00909090909090909
0.00909090909090909
0.00909090909090909
0.00909090909090909
0.00909090909090909
0.00909090909090909
0.00909090909090909
0.00909090909090909
0.00909090909090909
0.00909090909090909
0.00909090909090909
0.00909090909090909
0.00909090909090909
0.00909090909090909
0.00909090909090909
0.00909090909090909
0.00909090909090909
0.00909090909090909
0.00909090909090909
0.00909090909090909
0.00909090909090909
0.00909090909090909
0.00909090909090909
0.00909090909090909
0.00909090909090909
0.00909090909090909
0.00909090909090909
0.00909090909090909
0.00909090909090909
0.00909090909090909
0.00909090909090909
0.00909090909090909
0.00909090909090909
0.00909090909090909
0.00909090909090909
0.00909090909090909
0.00909090909090909
0.00909090909090909
0.00909090909090909
0.00909090909090909
0.00909090909090909
0.00909090909090909
0.00909090909090909
0.00909090909090909
0.00909090909090909
0.00909090909090909
0.00909090909090909
0.00909090909090909
0.00909090909090909
0.00909090909090909
0.00909090909090909
0.00909090909090909
0.00909090909090909
0.00909090909090909
0.00909090909090909
0.00909090909090909
0.00909090909090909
0.00909090909090909
0.00909090909090909
0.00909090909090909
0.00909090909090909
0.00909090909090909
0.009433962264150943
0.009433962264150943
0.009433962264150943
0.009433962264150943
0.009433962264150943
0.009433962264150943
0.009433962264150943
0.009433962264150943
0.009433962264150943
0.009433962264150943
0.009433962264150943
0.009433962264150943
0.009433962264150943
0.009433962264150943
0.009433962264150943
0.009433962264150943
0.009433962264150943
0.009433962264150943
0.009433962264150943
0.009433962264150943
0.009615384615384616
0.009615384615384616
0.009615384615384616
0.009615384615384616
0.009615384615384616
0.009615384615384616
0.009615384615384616
0.009615384615384616
0.009615384615384616
0.009615384615384616
0.009615384615384616
0.009615384615384616
0.009615384615384616
0.009615384615384616
0.009615384615384616
0.009615384615384616
0.009615384615384616
0.009615384615384616
0.009615384615384616
0.009615384615384616
0.009615384615384616
0.009615384615384616
0.009615384615384616
0.009615384615384616
0.009615384615384616
0.009615384615384616
0.009615384615384616
0.009615384615384616
0.009615384615384616
0.009615384615384616
0.009615384615384616
0.009615384615384616
0.009615384615384616
0.009615384615384616
0.009615384615384616
0.009615384615384616
0.009615384615384616
0.009615384615384616
0.009615384615384616
0.009615384615384616
0.009615384615384616
0.009615384615384616
0.009615384615384616
0.009615384615384616
0.009615384615384616
0.009615384615384616
0.009615384615384616
0.009615384615384616
0.009615384615384616
0.009615384615384616
0.009615384615384616
0.009615384615384616
0.009615384615384616
0.009615384615384616
0.009615384615384616
0.009615384615384616
0.009615384615384616
0.009615384615384616
0.009615384615384616
0.009615384615384616
0.009615384615384616
0.009615384615384616
0.009615384615384616
0.009615384615384616
0.009615384615384616
0.009615384615384616
0.009615384615384616
0.009615384615384616
0.009615384615384616
0.009615384615384616
0.009615384615384616
0.009615384615384616
0.009615384615384616
0.009615384615384616
0.009615384615384616
0.009615384615384616
0.009615384615384616
0.009615384615384616
0.009615384615384616
0.009615384615384616
0.009615384615384616
0.009615384615384616
0.009615384615384616
0.009615384615384616
0.009615384615384616
0.009615384615384616
0.009615384615384616
0.009615384615384616
0.009615384615384616
0.009615384615384616
0.009615384615384616
0.009615384615384616
0.009615384615384616
0.009615384615384616
0.009615384615384616
0.009615384615384616
0.009615384615384616
0.009615384615384616
0.009615384615384616
0.009615384615384616
0.009615384615384616
0.009615384615384616
0.009615384615384616
0.009615384615384616
0.009615384615384616
0.009615384615384616
0.009615384615384616
0.009615384615384616
0.009615384615384616
0.009615384615384616
0.009615384615384616
0.009615384615384616
0.009615384615384616
0.009615384615384616
0.009615384615384616
0.009615384615384616
0.009615384615384616
0.009615384615384616
0.009615384615384616
0.009615384615384616
0.009615384615384616
0.009615384615384616
0.009615384615384616
0.009615384615384616
0.009615384615384616
0.009615384615384616
0.009615384615384616
0.009615384615384616
0.009615384615384616
0.009615384615384616
0.009615384615384616
0.009615384615384616
0.009615384615384616
0.009615384615384616
0.009615384615384616
0.009615384615384616
0.009615384615384616
0.009615384615384616
0.009615384615384616
0.009615384615384616
0.009615384615384616
0.009615384615384616
0.009615384615384616
0.009615384615384616
0.009615384615384616
0.009615384615384616
0.009615384615384616
0.009615384615384616
0.009615384615384616
0.009615384615384616
0.009615384615384616
0.009615384615384616
0.009615384615384616
0.009615384615384616
0.009615384615384616
0.009615384615384616
0.009615384615384616
0.009615384615384616
0.009615384615384616
0.009615384615384616
0.009615384615384616
0.009615384615384616
0.009615384615384616
0.009615384615384616
0.009615384615384616
0.009615384615384616
0.009615384615384616
0.009615384615384616
0.009615384615384616
0.009615384615384616
0.009615384615384616
0.009615384615384616
0.009615384615384616
0.009615384615384616
0.009615384615384616
0.009615384615384616
0.009615384615384616
0.009615384615384616
0.009615384615384616
0.009615384615384616
0.009615384615384616
0.009615384615384616
0.009615384615384616
0.009615384615384616
0.009615384615384616
0.009615384615384616
0.009615384615384616
0.009615384615384616
0.009615384615384616
0.009615384615384616
0.009615384615384616
0.009615384615384616
0.009615384615384616
0.009615384615384616
0.009615384615384616
0.009615384615384616
0.009615384615384616
0.009615384615384616
0.009615384615384616
0.009615384615384616
0.009615384615384616
0.009615384615384616
0.009615384615384616
0.009615384615384616
0.009615384615384616
0.009615384615384616
0.009615384615384616
0.009615384615384616
0.009615384615384616
0.009615384615384616
0.009615384615384616
0.009615384615384616
0.009615384615384616
0.009615384615384616
0.009615384615384616
0.009615384615384616
0.009615384615384616
0.009615384615384616
0.009615384615384616
0.009615384615384616
0.009615384615384616
0.009615384615384616
0.009615384615384616
0.009615384615384616
0.009615384615384616
0.009615384615384616
0.009615384615384616
0.009615384615384616
0.009615384615384616
0.009615384615384616
0.009615384615384616
0.009615384615384616
0.009615384615384616
0.009615384615384616
0.009615384615384616
0.009615384615384616
0.009615384615384616
0.009615384615384616
0.009615384615384616
0.009615384615384616
0.009615384615384616
0.009615384615384616
0.009615384615384616
0.009615384615384616
0.009615384615384616
0.009615384615384616
0.009615384615384616
0.009615384615384616
0.009615384615384616
0.009615384615384616
0.009615384615384616
0.009615384615384616
0.009615384615384616
0.009615384615384616
0.009615384615384616
0.009615384615384616
0.009615384615384616
0.009615384615384616
0.009615384615384616
0.009615384615384616
0.009615384615384616
0.009615384615384616
0.009615384615384616
0.009615384615384616
0.009615384615384616
0.009615384615384616
0.009615384615384616
0.009615384615384616
0.009615384615384616
0.009615384615384616
0.009615384615384616
0.009615384615384616
0.009615384615384616
0.009615384615384616
0.009615384615384616
0.009615384615384616
0.009615384615384616
0.009615384615384616
0.009615384615384616
0.009615384615384616
0.009615384615384616
0.009615384615384616
0.009615384615384616
0.009615384615384616
0.009615384615384616
0.009615384615384616
0.009615384615384616
0.009615384615384616
0.009615384615384616
0.009615384615384616
0.009615384615384616
0.009615384615384616
0.009615384615384616
0.009615384615384616
0.009615384615384616
0.009615384615384616
0.009615384615384616
0.009615384615384616
0.009615384615384616
0.009615384615384616
0.009615384615384616
0.009615384615384616
0.009615384615384616
0.009615384615384616
0.009615384615384616
0.009615384615384616
0.009615384615384616
0.009615384615384616
0.009615384615384616
0.009615384615384616
0.009615384615384616
0.009615384615384616
0.009615384615384616
0.009615384615384616
0.009615384615384616
0.009615384615384616
0.009615384615384616
0.009615384615384616
0.009615384615384616
0.009615384615384616
0.009615384615384616
0.009615384615384616
0.009615384615384616
0.009615384615384616
0.009615384615384616
0.009615384615384616
0.009615384615384616
0.009615384615384616
0.009615384615384616
0.009615384615384616
0.009615384615384616
0.009615384615384616
0.009615384615384616
0.009615384615384616
0.009615384615384616
0.009615384615384616
0.009615384615384616
0.009615384615384616
0.009615384615384616
0.009615384615384616
0.009615384615384616
0.009615384615384616
0.009615384615384616
0.009615384615384616
0.009615384615384616
0.009615384615384616
0.009615384615384616
0.009615384615384616
0.009615384615384616
0.009615384615384616
0.009615384615384616
0.009615384615384616
0.009615384615384616
0.009615384615384616
0.009615384615384616
0.009615384615384616
0.009615384615384616
0.009615384615384616
0.009615384615384616
0.009615384615384616
0.009615384615384616
0.009615384615384616
0.009615384615384616
0.009615384615384616
0.009615384615384616
0.009615384615384616
0.009615384615384616
0.009615384615384616
0.009615384615384616
0.009615384615384616
0.009615384615384616
0.009615384615384616
0.009615384615384616
0.009615384615384616
0.009615384615384616
0.009615384615384616
0.009615384615384616
0.009615384615384616
0.009615384615384616
0.009615384615384616
0.009615384615384616
0.009615384615384616
0.009615384615384616
0.009615384615384616
0.009615384615384616
0.009615384615384616
0.009615384615384616
0.009615384615384616
0.009615384615384616
0.009615384615384616
0.009615384615384616
0.009615384615384616
0.009615384615384616
0.009615384615384616
0.009615384615384616
0.009615384615384616
0.009615384615384616
0.009615384615384616
0.009615384615384616
0.009615384615384616
0.009615384615384616
0.009615384615384616
0.009615384615384616
0.009615384615384616
0.009615384615384616
0.009615384615384616
0.009615384615384616
0.009615384615384616
0.009615384615384616
0.009615384615384616
0.009615384615384616
0.009615384615384616
0.009615384615384616
0.009615384615384616
0.009615384615384616
0.009615384615384616
0.009615384615384616
0.009615384615384616
0.009615384615384616
0.009615384615384616
0.009615384615384616
0.009615384615384616
0.009615384615384616
0.009615384615384616
0.009615384615384616
0.009615384615384616
0.009615384615384616
0.009615384615384616
0.009615384615384616
0.009615384615384616
0.009615384615384616
0.009615384615384616
0.009615384615384616
0.009615384615384616
0.009615384615384616
0.009615384615384616
0.009615384615384616
0.009615384615384616
0.009615384615384616
0.009615384615384616
0.009615384615384616
0.009615384615384616
0.009615384615384616
0.009615384615384616
0.009615384615384616
0.009615384615384616
0.009615384615384616
0.009615384615384616
0.009615384615384616
0.009615384615384616
0.009615384615384616
0.009615384615384616
0.009615384615384616
0.009615384615384616
0.009615384615384616
0.009615384615384616
0.009615384615384616
0.009615384615384616
0.009615384615384616
0.009615384615384616
0.009615384615384616
0.009615384615384616
0.009615384615384616
0.009615384615384616
0.009615384615384616
0.009615384615384616
0.009615384615384616
0.009615384615384616
0.009615384615384616
0.009615384615384616
0.009615384615384616
0.009615384615384616
0.009615384615384616
0.009615384615384616
0.009615384615384616
0.009615384615384616
0.009615384615384616
0.009615384615384616
0.009615384615384616
0.009615384615384616
0.009615384615384616
0.009615384615384616
0.009615384615384616
0.009615384615384616
0.009615384615384616
0.009615384615384616
0.009615384615384616
0.009615384615384616
0.009615384615384616
0.009615384615384616
0.009615384615384616
0.009615384615384616
0.009615384615384616
0.009615384615384616
0.009615384615384616
0.009615384615384616
0.009615384615384616
0.009615384615384616
0.009615384615384616
0.009615384615384616
0.009615384615384616
